423.329048874 -0.051643760142659
423.5167542	-0.033364929211879
423.729162552	-0.01339382258113
423.7348938	-0.012865395696583
423.953064	0.006844508197025
424.12927623	0.02218960881041
424.1712646	0.025770776837278
424.3894653	0.043916796022619
424.529389908	0.055145473750332
424.607666	0.061288754237136
424.8258972	0.077895302699924
424.929503586	0.08551245342234
425.0441284	0.093740682541647
425.2623596	0.10883208697114
425.329617264	0.113332370970309
425.4806213	0.123179247005152
425.6989136	0.13679032054854
425.729730942	0.138652920058561
425.9172058	0.149672465741207
426.12984462	0.161529710383361
426.135498	0.161835738570223
426.3538208	0.173292611204022
426.529958298	0.182027635873768
426.5721436	0.184053141821858
426.7904663	0.1941300437211
426.930071976	0.200221591810091
427.0088196	0.203538212241947
427.2271729	0.212290693918512
427.330185654	0.216196588485801
427.4455566	0.220403932705126
427.6639404	0.227892842674618
427.730299332	0.230047328820777
427.8823547	0.234775271394729
428.100769	0.241067765046569
428.13041301	0.241877333423955
428.3191833	0.246788586606912
428.530526688	0.251797707553037
428.5376282	0.251957238415767
428.756073	0.256592175917825
428.930640366	0.259925649494994
428.9745483	0.260713633142441
429.1930237	0.264340936152759
429.330754044	0.266382799067952
429.4115295	0.267494723155556
429.6300354	0.27019484009702
429.730867722	0.271293518806519
429.8485413	0.272461728629756
430.0670776	0.27431604262316
430.1309814	0.274783189970871
430.285614	0.275777774425381
430.5041809	0.276867219673055
430.531095078	0.276976592107174
430.7227478	0.277604090889705
430.931208756	0.2779964198466
430.9413147	0.278008034654553
431.1599121	0.278098335321491
431.331322434	0.27796197523904
431.3785095	0.277893809124602
431.5971375	0.277412814318818
431.731436112	0.276988059250091
431.8157654	0.276673319817538
432.0344238	0.275692606316045
432.13154979	0.275184072913315
432.2530823	0.274487643888217
432.4717407	0.273074738972924
432.531663468	0.272653327544468
432.6904297	0.271469360336565
432.9091187	0.269686791642032
432.931777146	0.269492554641345
433.1278381	0.267741229088156
433.331890824	0.265791599635536
433.3465576	0.265646762137325
433.5652771	0.263416615834674
433.732004502	0.261633279381468
433.7840271	0.261063049473053
434.0028076	0.258597990576178
434.13211818	0.257093380898864
434.2215576	0.256033487712082
434.4403687	0.25337920549361
434.532231858	0.252240778099487
434.6591492	0.250646401731174
434.8779602	0.247843899040438
434.932345536	0.247137643680315
435.0967712	0.244981094909796
435.3156128	0.242066052071108
435.332459214	0.241839734718629
435.5344849	0.239106698423789
435.732572892	0.236396732459209
435.7533264	0.236111295878992
435.9721985	0.233085951385449
436.13268657	0.230852619085613
436.1911011	0.230037127963399
436.4100037	0.226971267731544
436.532800248	0.225246076712404
436.6289063	0.223893960298375
436.8478394	0.220809952704331
436.932913926	0.219610896268381
437.0667725	0.217724459131269
437.2857056	0.21464189236524
437.333027604	0.213976386252543
437.5046692	0.211565883423703
437.7236633	0.208500161277632
437.733141282	0.20836777346273
437.9426575	0.205448563464772
438.13325496	0.202806589680771
438.1616516	0.202414203572617
438.3806458	0.199399907870624
438.533368638	0.197311039930395
438.5996704	0.196407828130489
438.8187256	0.193440287520236
438.933482316	0.191896349305663
439.0377808	0.190499788872828
439.2568359	0.187588197685161
439.333595994	0.186575086510403
439.4759216	0.184706771673714
439.6950073	0.181857388153984
439.733709672	0.181357463173172
439.914093	0.179041337001192
440.1332092	0.176259356827048
440.13382335	0.176251608731626
440.352356	0.173512429857753
440.533937028	0.171263821240397
440.5715027	0.17080177343248
440.7906494	0.168128077678592
440.934050706	0.166398794873146
441.0097961	0.165491909974617
441.2289734	0.162893362773283
441.334164384	0.161659825186305
441.4481812	0.160332799784689
441.6673889	0.157810835028104
441.734278062	0.157048993411007
441.8865967	0.155327624368491
442.105835	0.152882906449096
442.13439174	0.152567331160245
442.3250732	0.15047702888161
442.534505418	0.148214966997211
442.5443115	0.148109917465295
442.7635803	0.145781115592269
442.934619096	0.143991256322261
442.9828491	0.143490759741116
443.2021484	0.141238289851606
443.334732774	0.139894896012013
443.4214478	0.139023727459873
443.6407776	0.136846430920332
443.734846452	0.135924025194503
443.8601074	0.134706325527543
444.0794373	0.132602989128461
444.13496013	0.13207631347695
444.2987976	0.130535684136692
444.518158	0.128504218822106
444.535073808	0.128349037863909
444.7375488	0.126507807924032
444.935187486	0.124739149518277
444.9569397	0.124546197985986
445.1763306	0.122618831544996
445.335301164	0.121243331429608
445.395752	0.120724869805991
445.6151733	0.11886398851719
445.735414842	0.117858047966359
445.8346252	0.117035323300719
446.0540771	0.115238511391534
446.13552852	0.114579587203081
446.2735596	0.11347267225049
446.493042	0.111737412214202
446.535642198	0.111404096831832
446.7125244	0.110032074186509
446.9320374	0.10835576234677
446.935755876	0.108327614390095
447.1515503	0.106708046063714
447.335869554	0.105346092466131
447.3710938	0.105088023692257
447.5906067	0.10349546485118
447.735983232	0.102455419477191
447.8101807	0.101929023525963
448.0297546	0.100388457405141
448.13609691	0.099651436556769
448.2493286	0.098873072200757
448.4689331	0.097381967996348
448.536210588	0.096929951034046
448.6885376	0.095914659669728
448.9081421	0.094470448394143
448.936324266	0.094286746941941
449.1277771	0.093048438243117
449.336437944	0.09171759294963
449.3474121	0.091648130228051
449.5670776	0.090268632406168
449.736551622	0.089218248080988
449.7867432	0.088909437485601
450.0064087	0.087569843700463
450.1366653	0.086784465552063
450.2261047	0.086248965037004
450.4458313	0.084946104806273
450.536778978	0.084411995038259
450.6655273	0.0836609217685
450.8852539	0.082392353443807
450.936892656	0.082096583665485
451.105011	0.081139702475371
451.3247681	0.079902440733898
451.337006334	0.079833976008923
451.5445251	0.078679863070778
451.737120012	0.077619913378388
451.7643127	0.077471095471681
451.9841003	0.076275602324997
452.13723369	0.075450132670459
452.2039185	0.075092512395137
452.4237366	0.073921285292028
452.537347368	0.073320365074608
452.6435547	0.072761211561371
452.8634033	0.071611422788334
452.937461046	0.07122633493348
453.083252	0.070471369586355
453.3031311	0.069340185394097
453.337574724	0.069163759076034
453.5230103	0.068217315768966
453.737688402	0.067128346966368
453.7428894	0.067102048916537
453.9627991	0.065993517239672
454.13780208	0.065115802040087
454.1827393	0.064891010087372
454.4026489	0.06379411969666
454.537915758	0.063121824633496
454.6225891	0.062701826843802
454.8425598	0.061613420374015
454.938029436	0.061142116947505
455.0625305	0.060528339291926
455.2825012	0.059445872336813
455.338143114	0.059172390526394
455.5025024	0.058365160659267
455.7225037	0.05728564746322
455.738256792	0.057208376769268
455.9425049	0.056206630863024
456.13837047	0.055245841026143
456.1625366	0.055127262485145
456.3825989	0.054046848839252
456.538484148	0.053280600857198
456.6026306	0.052965004506113
456.8227234	0.051880600448756
456.938597826	0.051308549047738
457.0427856	0.050793420093428
457.2628784	0.049702504608586
457.338711504	0.04932568196671
457.4829712	0.048607361851544
457.7030945	0.047507211442519
457.738825182	0.047328133825531
457.9232178	0.046401594765994
458.13893886	0.04531221732804
458.1433716	0.045289767480372
458.3635254	0.044171315125568
458.539052538	0.043274471091708
458.5836792	0.043045696119117
458.8038635	0.041912240017876
458.939166216	0.041211714054732
459.0240479	0.040770620570748
459.2442627	0.03962023303796
459.339279894	0.039121106853225
459.4644775	0.038460827377007
459.6847229	0.037291876096686
459.739393572	0.037000219848554
459.9049377	0.036113386125236
460.1252136	0.034924597279222
460.13950725	0.034847107101089
460.345459	0.033725789120323
460.539620928	0.032660385121726
460.5657349	0.032516475753643
460.7860413	0.031296562081017
460.939734606	0.03043931469211
461.0063477	0.030066191320479
461.2266541	0.028825411409896
461.339848284	0.028183883443334
461.446991	0.027574171833036
461.6673279	0.026312846409752
461.739961962	0.025894886247422
461.8876648	0.025041720818269
462.1080322	0.023760989047124
462.14007564	0.023573999845855
462.3283997	0.022471286980248
462.540189318	0.021223847568559
462.5487976	0.02117298836782
462.7691956	0.01986691653755
462.940302996	0.018848049551611
462.989624	0.018553632036085
463.2100525	0.017234151328175
463.340416674	0.016451253618447
463.430481	0.015909407946982
463.6509399	0.014580245886182
463.740530352	0.014039142026243
463.8713989	0.01324796767199
464.0918579	0.011913784791387
464.14064403	0.01161840966877
464.3123474	0.010578809910815
464.5328674	0.009244422711441
464.540757708	0.009196710123562
464.7533569	0.00791244824785
464.940871386	0.006782567157447
464.973877	0.006584043107685
465.1944275	0.005260798107353
465.340985064	0.004385250940055
465.414978	0.003944538373043
465.6355286	0.002636948919338
465.741098742	0.002014620187197
465.8561096	0.001339571644242
466.0766907	5.43296820375414E-05
466.14121242	-0.000319066362013
466.2973022	-0.001217196326478
466.5179138	-0.002473074479945
466.541326098	-0.002605363514524
466.7385254	-0.003711562383697
466.941439776	-0.004833870578548
466.9591675	-0.004931110331453
467.1798096	-0.006129865433286
467.341553454	-0.006994470396219
467.4004822	-0.007306357456129
467.6211548	-0.008458848207413
467.741667132	-0.009077566088615
467.8418274	-0.009585838676877
468.0625305	-0.010686062389392
468.14178081	-0.011074304829254
468.2832336	-0.011758036627075
468.5039673	-0.012800679322249
468.541894488	-0.012976778452291
468.7247009	-0.013812722616752
468.942008166	-0.014778191980513
468.9454346	-0.014793165242781
469.1661987	-0.015741252576105
469.342121844	-0.016472993114017
469.3869629	-0.016656088659092
469.6077271	-0.017537040165244
469.742235522	-0.018056958163615
469.8285217	-0.018383715924932
470.0493469	-0.019195724430134
470.1423492	-0.019527232602889
470.2701721	-0.019972694334456
470.4909973	-0.020714498192566
470.542462878	-0.020882327091654
470.7118225	-0.021421129322733
470.9326782	-0.022092787781579
470.942576556	-0.022122072251564
471.1535645	-0.022729680353506
471.342690234	-0.023247537459179
471.3744507	-0.023332037667876
471.5953369	-0.023900285113295
471.742803912	-0.024260920337724
471.8162231	-0.024434939390566
472.0371399	-0.024936668564472
472.14291759	-0.025165414424769
472.2580872	-0.025406136343634
472.4790344	-0.025844017304804
472.543031268	-0.025965062688264
472.6999817	-0.026251118726953
472.920929	-0.026628299956203
472.943144946	-0.02666460423301
473.1419067	-0.026976511383978
473.343258624	-0.027269320796919
473.362915	-0.027296683660053
473.5839233	-0.027589739183853
473.743372302	-0.027784888612053
473.8049316	-0.027856673657435
474.0259399	-0.02809849928718
474.14348598	-0.028217240029713
474.2469788	-0.028316267131599
474.4680481	-0.02851099477271
474.543599658	-0.028572438097875
474.6891174	-0.028683677883097
474.9101868	-0.028835338240507
474.943713336	-0.028856566126133
475.1312561	-0.028966987508579
475.343827014	-0.029075633244487
475.352356	-0.029079638055721
475.5734863	-0.029174263201033
475.743940692	-0.029235496097807
475.7946167	-0.0292518073551
476.0157471	-0.029313208662007
476.14405437	-0.02934179613471
476.2368774	-0.029359380106111
476.4580383	-0.029391211127243
476.544168048	-0.029399911446497
476.6792297	-0.029409553698293
476.9004211	-0.02941523079919
476.944281726	-0.02941492177432
477.1216125	-0.029409040096283
477.342804	-0.029391747943225
477.344395404	-0.029391585108633
477.5640259	-0.029364084533145
477.744509082	-0.029334324227927
477.7852783	-0.029326748814263
478.0065002	-0.02928042239451
478.14462276	-0.029247221537222
478.2277832	-0.029225724141387
478.4490356	-0.029163283510719
478.544736438	-0.029134020645806
478.6703186	-0.029093660987209
478.8916016	-0.02901741217065
478.944850116	-0.02899813324637
479.112915	-0.028935043155669
479.3342285	-0.02884705298897
479.344963794	-0.028842650005975
479.5555725	-0.028753889412629
479.745077472	-0.028670354338813
479.7769165	-0.028655997887765
479.9982605	-0.028553785629627
480.14519115	-0.02848373809082
480.219635	-0.028447619359588
480.4410095	-0.028337869904464
480.545304828	-0.028285018319367
480.6624146	-0.028224854630015
480.8838196	-0.02810889889575
480.945418506	-0.028076154492584
481.1052246	-0.027990290943263
481.3266602	-0.027869280961425
481.345532184	-0.027858865559495
481.5480957	-0.027746131990509
481.745645862	-0.027634646452955
481.7695313	-0.027621071081234
481.9909973	-0.027494289101068
482.14575954	-0.027404783682216
482.2124634	-0.027365993327115
482.43396	-0.027236338743904
482.545873218	-0.027170369751624
482.6554565	-0.027105499130846
482.8769836	-0.026973596112325
482.945986896	-0.026932316207587
483.0985107	-0.026840772081505
483.3200378	-0.026707136314059
483.346100574	-0.026691365169226
483.5415955	-0.026572764824581
483.746214252	-0.02644809924047
483.7631531	-0.026437756487975
483.9847107	-0.026302177765494
484.14632793	-0.026202949734631
484.2062988	-0.02616606283774
484.427887	-0.026029469925138
484.546441608	-0.025956203168145
484.6495056	-0.025892406810067
484.8711243	-0.025754905753189
484.946555286	-0.025708005999739
485.0927429	-0.025616967656027
485.3143921	-0.025478561316301
485.346668964	-0.025458367606167
485.5360718	-0.025339661824554
485.746782642	-0.025207161497003
485.7577209	-0.025200269863144
485.9794006	-0.02506029642318
486.14689632	-0.024954124779977
486.2011108	-0.024919677739759
486.4227905	-0.024778375664803
486.547009998	-0.024698855895839
486.6445313	-0.024636241301337
486.8662415	-0.024493229126218
486.947123676	-0.02444081064873
487.0879822	-0.024349181446226
487.3097534	-0.024203965014653
487.347237354	-0.024179296565097
487.5314941	-0.024057472024287
487.747351032	-0.023913465622112
487.7532959	-0.023909478459572
487.9750671	-0.023759866049581
488.14746471	-0.023642305395754
488.1968689	-0.02360839781044
488.4186707	-0.023454881442151
488.547578388	-0.023364628689799
488.6405029	-0.023299064845749
488.8623352	-0.023140719726699
488.947692066	-0.023079061720148
489.084198	-0.022979555508364
489.3060608	-0.0228153054523
489.347805744	-0.022784030944699
489.5279236	-0.022647660503187
489.747919422	-0.02247774864743
489.7498169	-0.022476266227609
489.9717102	-0.022300792283762
490.1480331	-0.022158197406709
490.1936035	-0.022120862237145
490.4155273	-0.02193604971416
490.548146778	-0.0218231136022
490.6374512	-0.021745953140778
490.8594055	-0.021550093399133
490.948260456	-0.021469970141921
491.0813599	-0.021348016903568
491.3033447	-0.021139187521936
491.348374134	-0.021095958621146
491.5252991	-0.020923126318033
491.7473145	-0.020699176538985
491.748487812	-0.020697971157443
491.9692993	-0.020466831873101
492.14860149	-0.02027258218113
492.1913147	-0.02022539921398
492.4133606	-0.019974212931823
492.548715168	-0.019816030497188
492.6354065	-0.019712609767295
492.8574524	-0.019439859404241
492.948828846	-0.019324201972731
493.0794983	-0.019155196169752
493.3015747	-0.018857776489839
493.348942524	-0.018792613242833
493.5236816	-0.018546755910533
493.7457581	-0.018221342992049
493.749056202	-0.018216396865968
493.9678955	-0.017880485688928
494.14916988	-0.017590288397736
494.1900024	-0.017523367149977
494.4121399	-0.017148895783894
494.549283558	-0.016908615886764
494.6342773	-0.016756086848448
494.8564453	-0.016343809262244
494.949397236	-0.016165292328689
495.0786133	-0.015911002746657
495.3008118	-0.015456450344747
495.349510914	-0.01535381164158
495.5230103	-0.014979016736231
495.7452087	-0.014477469315808
495.749624592	-0.014467248747854
495.9674072	-0.01395053569016
496.14973827	-0.013498264362253
496.1896667	-0.013396749847927
496.4118958	-0.012814985148444
496.549851948	-0.012439115091384
496.6341553	-0.0122036964273
496.8564148	-0.011561539466248
496.949965626	-0.011281669446393
497.0787048	-0.010886963218935
497.3009949	-0.010178563713576
497.350079304	-0.010017430355023
497.5232849	-0.009434820933022
497.7456055	-0.00865407480502
497.750192982	-0.008637564731538
497.967926	-0.007834848483399
498.15030666	-0.007132940621406
498.1902466	-0.006975539766155
498.4125977	-0.00607439940454
498.550420338	-0.005494172381439
498.6349792	-0.005129767974516
498.8573303	-0.004140245820934
498.950534016	-0.00371167428432
499.0797424	-0.003103746373931
499.302124	-0.002019007927982
499.350647694	-0.001775722848731
499.5245361	-0.000884049972432
499.7469482	0.00030266499173
499.750761372	0.000323471907686
499.9693909	0.001542989444466
500.15087505	0.002595686215438
500.1918335	0.00283843226332
500.4142761	0.004190648385437
500.550988728	0.005050593358941
500.6367493	0.00560147024399
500.8592224	0.007072324346075
500.951102406	0.007697665749987
501.0817261	0.008605004105136
501.3042297	0.010200851363662
501.351216084	0.010546068641719
501.5267334	0.011861364347874
501.7492676	0.013588230009919
501.751329762	0.013604546031256
501.9718018	0.015382615058134
502.15144344	0.016881299483626
502.1943665	0.017246105530555
502.4169312	0.019179715587178
502.551557118	0.020383860800745
502.6394958	0.021184621607286
502.8620911	0.023262207936526
502.951670796	0.024118959653546
503.0846863	0.025413201604907
503.3072815	0.027638503012177
503.351784474	0.028092387489436
503.5299072	0.029939224471337
503.751898152	0.032308859217124
503.752533	0.032315744510558
503.9751892	0.034768957128849
504.15201183	0.036771874352202
504.1978455	0.037298969423349
504.4205017	0.039906067366377
504.552125508	0.041483579475223
504.6431885	0.042590770420131
504.8658752	0.04535271739214
504.952239186	0.046444634004742
505.0885925	0.048192140075986
505.3113098	0.051108334967816
505.352352864	0.051654081416277
505.5340271	0.054100802150677
505.752466542	0.057109228139719
505.7567749	0.057169290484859
505.9795227	0.060312536533087
506.15258022	0.06280553243806
506.2022705	0.063529494178036
506.4250488	0.066819380644311
506.552693898	0.068736505605321
506.6478271	0.070180325596588
506.870636	0.073611170034839
506.952807576	0.074893627817599
507.0934448	0.077109616776493
507.3162842	0.080674116586452
507.352921254	0.081266280925213
507.539093	0.084301437824898
507.753034932	0.087841700383623
507.7619324	0.087990114553173
507.9848022	0.091737495532994
508.15314861	0.094604948384638
508.2076721	0.095540200094178
508.430542	0.09939513430495
508.553262288	0.101538910066807
508.6534424	0.103299535956697
508.8763428	0.107249374905883
508.953375966	0.108624314455262
509.0992737	0.111241492009982
509.3221741	0.11527088857452
509.353489644	0.115839781508174
509.5451355	0.119335125226906
509.753603322	0.123161896332239
509.7680664	0.123428252620588
509.9910278	0.12754692044144
510.153717	0.130565311277143
510.2140198	0.131686495426752
510.4370117	0.135841600288079
510.553830678	0.138022876234315
510.6600037	0.140007270600436
510.8829956	0.14417838800385
510.953944356	0.145505797055059
511.1060181	0.148350276160903
511.329071	0.152517553454903
511.354058034	0.152983821575785
511.5520935	0.156673594449767
511.754171712	0.160425452303199
511.7751465	0.160813944454715
511.99823	0.164932920122789
512.15428539	0.167798184381573
512.2213135	0.169024205304106
512.444397	0.173081995372157
512.554399068	0.175068767050452
512.6674805	0.177100445503931
512.890625	0.181074766625234
512.954512746	0.182203486419352
513.1137085	0.184996908463289
513.336853	0.188863146373979
513.354626424	0.189168467052326
513.5599976	0.192666558955681
513.754740102	0.195929989587426
513.7832031	0.19640235602017
514.0063477	0.200062763677039
514.15485378	0.202454821432187
514.2295532	0.203644124906472
514.4527588	0.207139876763973
514.554967458	0.20871055749431
514.6759644	0.210544582646594
514.8991699	0.213852945264498
514.955081136	0.214665967942318
515.1223755	0.217059829999441
515.3456421	0.220161107465041
515.355194814	0.22029135015536
515.5689087	0.223151119534103
515.755308492	0.225558882317748
515.7921753	0.226025314385228
516.0154419	0.228779375024506
516.15542217	0.230442976532977
516.2387085	0.231409238234313
516.4620361	0.233911779160003
516.555535848	0.234920629847211
516.6853027	0.236282130724903
516.9086304	0.238518398100165
516.955649526	0.238971772133746
517.131958	0.240617050606285
517.3553467	0.242576090076762
517.355763204	0.242579610319513
517.5786743	0.244392294368643
517.755876882	0.245730968821996
517.802063	0.246064890064876
518.0254517	0.247591995356801
518.15599056	0.248416626166971
518.2488403	0.24897266456282
518.472229	0.250206391873101
518.556104238	0.250631647402457
518.6956787	0.2512934019193
518.9190674	0.252233522869564
518.956217916	0.252375710923042
519.1425171	0.25302818015144
519.356331594	0.25365342648435
519.3659668	0.253678515969159
519.5894165	0.25418647172007
519.756445272	0.254474638363959
519.8129272	0.254554607734888
520.036377	0.254785753518738
520.15655895	0.254854703726799
520.2598877	0.254883629976699
520.4833984	0.25485232510568
520.556672628	0.254814731308831
520.7069092	0.254696590024684
520.930481	0.254421671921828
520.956786306	0.254381759733963
521.1539917	0.254033648663368
521.356899984	0.253588848521539
521.3775635	0.253538824134504
521.6011353	0.252944385880538
521.757013662	0.252475048753006
521.824707	0.252257997483687
522.0482788	0.251487869403834
522.15712734	0.251085215307655
522.2719116	0.25064249520542
522.4954834	0.249731560535079
522.557241018	0.249469619608107
522.7191162	0.248764244130065
522.942749	0.247750861973214
522.957354696	0.247683322114461
523.1663818	0.246701828730295
523.357468374	0.245785268539774
523.3900757	0.245627533042505
523.6137695	0.24453914241384
523.757582052	0.243837083915218
523.8374023	0.243447941662816
524.0610962	0.242364326852427
524.15769573	0.241901554813004
524.28479	0.24129949117129
524.5085449	0.240263837256432
524.557809408	0.240040812249227
524.7322388	0.239268279752222
524.9559937	0.238322169547354
524.957923086	0.238314255273113
525.1797485	0.237435092406285
525.358036764	0.236776286349367
525.4035034	0.236615637678021
525.6273193	0.235871357735538
525.758150442	0.235473961796858
525.8510742	0.235209432908527
526.0748901	0.234635190261466
526.15826412	0.234444690414284
526.2987061	0.234153313409382
526.522522	0.233767001804526
526.558377798	0.233714137137066
526.7463379	0.233478081798636
526.958491476	0.233294502153739
526.9701538	0.233286946544128
527.1940308	0.233192503196882
527.358605154	0.233183345793715
527.4179077	0.233192245414308
527.6417847	0.233282119526329
527.758718832	0.233363113080312
527.8656616	0.233456626146105
528.0895386	0.233708884477532
528.15883251	0.233801478026138
528.3134766	0.234030820229412
528.5374146	0.234413026489099
528.558946188	0.234452577351302
528.7613525	0.234845129364745
528.959059866	0.235259139268873
528.9852905	0.235315900820379
529.2092285	0.235813449792195
529.359173544	0.236155440300329
529.4332275	0.23632557392021
529.6571655	0.236839422111122
529.759287222	0.237070948430699
529.8811646	0.237342706215971
530.1051636	0.237822962999317
530.1594009	0.237934441983891
530.3292236	0.238268474409755
530.5532227	0.238667884835007
530.559514578	0.238678338225998
530.7772827	0.239011241096242
530.959628256	0.239242930862997
531.0013428	0.239289409339973
531.2254028	0.239494710375008
531.359741934	0.239580226438034
531.4494629	0.239620964671768
531.6735229	0.239663621242686
531.759855612	0.23965708868272
531.897644	0.239619830706696
532.1217041	0.2394885774291
532.15996929	0.239457446563655
532.3458252	0.239270561415349
532.560082968	0.238983392328887
532.5700073	0.238968282630238
532.7941284	0.238586223247142
532.960196646	0.238255083697442
533.0182495	0.238130289108953
533.2424316	0.237607845707283
533.360310324	0.237309460751262
533.4666138	0.237027918207633
533.6907959	0.236400629123746
533.760424002	0.236197883335084
533.914978	0.235737110384889
534.1392212	0.235049096548667
534.16053768	0.234982879244575
534.3634033	0.234349451349819
534.560651358	0.233734258906518
534.5876465	0.233650611568635
534.8118896	0.232965674433085
534.960765036	0.232524892654259
535.0361328	0.232307398095255
535.260437	0.231688005305528
535.360878714	0.231426459067416
535.4846802	0.23111963354929
535.7089844	0.230612996852568
535.760992392	0.230505457375073
535.9332886	0.230178327564259
536.1575928	0.229824590616006
536.16110607	0.229819736834998
536.381897	0.229559521689621
536.561219748	0.22941573696805
536.6062622	0.229389497745623
536.8306274	0.229319622126326
536.961333426	0.229326561819932
537.0549316	0.229353452569749
537.2792969	0.229493136504598
537.361447104	0.229570936928674
537.5037231	0.229739448868732
537.7280884	0.230091537910019
537.761560782	0.230153026914795
537.9525146	0.230547525003744
538.16167446	0.231063030895339
538.1768799	0.231103817285509
538.4013062	0.231756183978296
538.561788138	0.232278426764455
538.6257935	0.232499083189851
538.8502197	0.233325520710493
538.961901816	0.233765706193812
539.074646	0.234228247404617
539.2991333	0.235199368158635
539.362015494	0.235482430300052
539.5236206	0.236229870810897
539.7481079	0.237310499318027
539.762129172	0.237379439783918
539.9725952	0.238431638982004
540.16224285	0.239403070063874
540.1971436	0.239583748620222
540.4216919	0.240756527014132
540.562356528	0.241497247771486
540.6461792	0.241939618374405
540.8707275	0.243123692178696
540.962470206	0.243605375941341
541.0953369	0.244298911145494
541.3198853	0.245455014527023
541.362583884	0.24567194753422
541.5444946	0.246583282971264
541.762697562	0.247643857399384
541.769043	0.247674093377463
541.9936523	0.248719400234822
542.16281124	0.249471409063164
542.2182617	0.249710677203326
542.4429321	0.250640383551458
542.562924918	0.251109033396431
542.6675415	0.25150069194795
542.8922119	0.252285221839742
542.963038596	0.252515750706363
543.1168823	0.252987366283319
543.3415527	0.253601250903172
543.363152274	0.253655416299218
543.5662231	0.254121489565245
543.763265952	0.254496792795634
543.7908936	0.254543179974954
544.015625	0.254861967653495
544.16337963	0.255013491508258
544.2403564	0.2550737616283
544.4650879	0.255175054055442
544.563493308	0.255183821209807
544.6898193	0.255162779274627
544.9145508	0.255034300153352
544.963606986	0.254990576798823
545.1393433	0.254787310318024
545.363720664	0.254420793738255
545.3641357	0.254420003769676
545.5888672	0.25393108932062
545.763834342	0.253465487514989
545.8136597	0.253319231981133
546.0385132	0.252583617342527
546.16394802	0.252119391325918
546.2633057	0.251724271977945
546.4881592	0.250740684891103
546.564061698	0.250380700089606
546.7130127	0.249633342522295
546.9378662	0.248402816593067
546.964175376	0.248250824867271
547.1627197	0.247049967737804
547.364289054	0.245734158856424
547.3875732	0.245575933094538
547.6124878	0.243981664957561
547.764402732	0.242837854194271
547.8373413	0.242269683960291
548.0622559	0.240440955755369
548.16451641	0.239571607714746
548.2871704	0.238498056494362
548.512146	0.236442756457773
548.564630088	0.235947453357344
548.7370605	0.234278723724585
548.9620361	0.232007530928368
548.964743766	0.231979558944947
549.1870117	0.229632684809425
549.364857444	0.227684025368475
549.4119873	0.227157292334295
549.6369629	0.224584622620727
549.764971122	0.223078686704465
549.8619385	0.221918095699957
550.0869751	0.219160511863586
550.1650848	0.21818291034545
550.3120117	0.216316272651157
550.5370483	0.213389186417766
550.565198478	0.213017396770121
550.762085	0.210383166131532
550.965312156	0.207603979074755
550.9871216	0.207302223485622
551.2121582	0.204150449647665
551.365425834	0.201965422803674
551.4372559	0.200931126874321
551.6623535	0.197649332346295
551.765539512	0.196125226944393
551.8874512	0.194309342760942
552.1125488	0.190915480004696
552.16565319	0.19010742719237
552.3377075	0.187471149071914
552.5628052	0.183982584135004
552.565766868	0.183936402747492
552.7879639	0.18045226996018
552.965880546	0.177636687988921
553.0131226	0.176885519860822
553.2382813	0.173286695083482
553.365994224	0.171232790397793
553.4634399	0.169660136182817
553.6886597	0.166009153887949
553.766107902	0.164749016069199
553.9138184	0.162339998117426
554.1390381	0.158654898428223
554.16622158	0.158209304085813
554.3642578	0.154959008605681
554.566335258	0.151637070924493
554.5895386	0.151255419612446
554.8147583	0.147550163427142
554.966448936	0.145055065941531
555.039978	0.143846177246505
555.2652588	0.140146311540007
555.366562614	0.138485238838753
555.4905396	0.136455332933403
555.7158203	0.132776903820898
555.766676292	0.131948619966774
555.9411621	0.129113594168833
556.1664429	0.125471646432946
556.16678997	0.12546605649861
556.3917847	0.121881727877148
556.566903648	0.119321540933133
556.6171265	0.118696061102843
556.8424683	0.116943136209455
556.967017326	0.11634386323919
557.0678101	0.115358317535677
557.2931519	0.110428297435508
557.367131004	0.108448987871022
557.5185547	0.104855719101433
557.7439575	0.100832165156311
557.767244682	0.10046567439479
557.9693604	0.097397141580729
558.16735836	0.094464224405963
558.1947632	0.094061329750063
558.420166	0.090774418751775
558.567472038	0.088652761213089
558.6455688	0.087536615073212
558.8710327	0.084348905310514
558.967585716	0.082999817843204
559.0964966	0.081213900830358
559.3219604	0.078133191358896
559.367699394	0.077514976210204
559.5474243	0.07510822494521
559.767813072	0.072206487784069
559.7729492	0.072139522431381
559.9984131	0.069229870190207
560.16792675	0.067081257841169
560.223938	0.066378742146376
560.4494629	0.063587851843926
560.568040428	0.062144879067144
560.6749878	0.060857990060843
560.9005127	0.058189822799736
560.968154106	0.057401674064099
561.1260986	0.055583197971672
561.3516235	0.053039951246166
561.368267784	0.052854745776721
561.5772095	0.050559016854098
561.768381462	0.048506034826306
561.8027954	0.048141293192428
562.0284424	0.045786242262814
562.16849514	0.044356382729294
562.2540283	0.043495128059282
562.4796143	0.041267192406116
562.568608818	0.040405599978562
562.7052612	0.039101654068816
562.9309082	0.036998824502834
562.968722496	0.036652537980413
563.1565552	0.034958320237611
563.368836174	0.03309516386712
563.3822632	0.032979147812859
563.6079102	0.031061831992808
563.768949852	0.029730637242465
563.8336182	0.02920471732264
564.0592651	0.0274081206718
564.16906353	0.026555387964933
564.2849731	0.025670316418514
564.5107422	0.023990539253254
564.569177208	0.023565194128414
564.7364502	0.022368829155563
564.9622192	0.020803387682044
564.969290886	0.02075525946201
565.1879272	0.019294092693391
565.369404564	0.018120289437477
565.4136963	0.017839116259357
565.6394653	0.016437824390839
565.769518242	0.015654565444015
565.8652954	0.015088772882848
566.0910645	0.013791574387648
566.16963192	0.013352016465891
566.3168945	0.012544384170803
566.5426636	0.011346707631298
566.569745598	0.01120628778136
566.7684937	0.010196710689127
566.969859276	0.009210806298267
566.9943848	0.009093227778208
567.2202148	0.008035638188565
567.369972954	0.007358842264918
567.4460449	0.007022410239313
567.671936	0.006052055116388
567.770086632	0.00564356726287
567.8978271	0.005123615029649
568.1237183	0.004235851672115
568.17020031	0.004058108622885
568.3496094	0.003387530255105
568.570313988	0.002595600722066
568.5755615	0.002577206229603
568.8014526	0.001804094303762
568.970427666	0.001249234009311
569.0274048	0.001066563996132
569.2533569	0.000363630180451
569.370541344	1.23030051525291E-05
569.4793091	-0.000305891053166
569.7052612	-0.000943163318859
569.770655022	-0.001121745216049
569.9312744	-0.001549488893822
570.1572876	-0.002125809122165
570.1707687	-0.002159260676595
570.3832397	-0.002673069578309
570.570882378	-0.003106337728601
570.6092529	-0.003192624386452
570.8353271	-0.003685475136363
570.970996056	-0.003968761183278
571.0613403	-0.004152342806701
571.2874146	-0.004594427148051
571.371109734	-0.004751955674152
571.5134277	-0.005012394632078
571.739502	-0.005407334932851
571.771223412	-0.00546094648859
571.9655762	-0.005779952514344
572.17133709	-0.006100343937155
572.1917114	-0.006131119476947
572.4177856	-0.006461388759036
572.571450768	-0.006674365458745
572.6439209	-0.006771648553477
572.8700562	-0.007062490863205
572.971564446	-0.007186907993328
573.0961914	-0.007334582352776
573.3223267	-0.007588583023825
573.371678124	-0.00764167590156
573.5484619	-0.007825156734167
573.771791802	-0.008042356511744
573.7746582	-0.008045041002297
574.0007935	-0.008248825082545
574.17190548	-0.00839281841177
574.2269897	-0.008437364876363
574.453186	-0.008611395512468
574.572019158	-0.00869729191256
574.6793823	-0.008771759760729
574.9056396	-0.008919390531639
574.972132836	-0.008960483343063
575.1318359	-0.009055151845348
575.3580933	-0.009180101880867
575.372246514	-0.009187580452056
575.5843506	-0.00929521632021
575.772360192	-0.00938412627267
575.8106079	-0.009401522042341
576.0369263	-0.009500065375655
576.17247387	-0.009555768558705
576.2631836	-0.009591786914264
576.489502	-0.009677681509908
576.572587548	-0.009707922240493
576.7158203	-0.009758598966693
576.9421387	-0.00983532538402
576.972701226	-0.009845403931066
577.168457	-0.009908540786612
577.372814904	-0.009972104754415
577.3947754	-0.009978806779387
577.6211548	-0.01004657622473
577.772928582	-0.010090760369684
577.8474731	-0.010112117940372
578.0738525	-0.010175645227035
578.17304226	-0.010202858618589
578.3002319	-0.010237197668908
578.5266724	-0.010296740071046
578.573155938	-0.010308700530322
578.7530518	-0.010354096571913
578.973269616	-0.010407603712588
578.9794922	-0.010409080468683
579.2058716	-0.01046139162177
579.373383294	-0.010498212110865
579.432312	-0.010510756279165
579.6588135	-0.010556859736738
579.773496972	-0.010578856764107
579.8852539	-0.010599374094546
580.1116943	-0.010638035202377
580.17361065	-0.010647903085214
580.3381958	-0.010672613747184
580.5646973	-0.010702908426987
580.573724328	-0.01070402490585
580.7911987	-0.010728781368622
580.973838006	-0.010746364128506
581.0177002	-0.01075014749022
581.2442017	-0.010766970856801
581.373951684	-0.010774562528386
581.4707642	-0.01077926063269
581.6973267	-0.010787051332145
581.774065362	-0.010788680630614
581.9238892	-0.010790404991368
582.1504517	-0.010789394472796
582.17417904	-0.010789039183866
582.3770142	-0.010784091932075
582.574292718	-0.01077602671191
582.6035767	-0.010774557926899
582.8302002	-0.010760827371372
582.974406396	-0.010749912280327
583.0568237	-0.010742911668477
583.2834473	-0.010720783552365
583.374520074	-0.010710690309168
583.5100708	-0.01069437382544
583.7366943	-0.010663567452987
583.774633752	-0.010657969657031
583.9633789	-0.010628190874914
584.17474743	-0.010590906832063
584.1900024	-0.010588049871792
584.416687	-0.010542858929424
584.574861108	-0.010508175303217
584.6433716	-0.010492313781813
584.8700562	-0.01043604991744
584.974974786	-0.010407959614263
585.0968018	-0.010373635771959
585.3234863	-0.010304642321925
585.375088464	-0.010287963184172
585.5502319	-0.010228521672294
585.775202142	-0.010145420774127
585.7769775	-0.010144733421756
586.0037231	-0.010052672668475
586.17531582	-0.009977109310644
586.2304688	-0.009951687886166
586.4572754	-0.009841049977379
586.575429498	-0.009779353257956
586.684021	-0.009720073304279
586.9108276	-0.009587899965477
586.975543176	-0.009548022683153
587.1376343	-0.009443719786055
587.3644409	-0.009286642394583
587.375656854	-0.009278523532702
587.5912476	-0.009115726633507
587.775770532	-0.008965780574115
587.8181152	-0.008929927634884
588.0449219	-0.008728298384834
588.17588421	-0.008604214113086
588.2717896	-0.008509628061663
588.4986572	-0.00827280901597
588.575997888	-0.008187712089262
588.7255249	-0.008016622280008
588.9524536	-0.007739711074829
588.976111566	-0.007709599530348
589.1793213	-0.007440881840681
589.376225244	-0.007162607598911
589.40625	-0.007118566658495
589.6331787	-0.006771369444177
589.776338922	-0.006538844569406
589.8601074	-0.006397749518406
590.0870361	-0.005996097772291
590.1764526	-0.005829770999784
590.3139648	-0.005564735748358
590.5409546	-0.005101785982897
590.576566278	-0.005026181111887
590.7679443	-0.004605540489144
590.976679956	-0.004118191998564
590.9949341	-0.00407410808718
591.2219238	-0.003505528318067
591.376793634	-0.003095241791171
591.4489136	-0.002897770172941
591.6759033	-0.002248735035469
591.776907312	-0.001946097422814
591.9029541	-0.00155606366556
592.1300049	-0.000817690965696
592.17702099	-0.000658872185291
592.3570557	-3.13188153722238E-05
592.577134668	0.00077894703758
592.5841064	0.000805412285539
592.8111572	0.001694922195829
592.977248346	0.002380463133651
593.038269	0.002639947577166
593.2653198	0.003642510205811
593.377362024	0.004159322986689
593.4924316	0.004705729035517
593.7195435	0.005831970135697
593.777475702	0.006129662671688
593.9466553	0.007023901710067
594.1738281	0.008284579172443
594.17758938	0.008306043482162
594.4009399	0.009616066181303
594.577703058	0.010703378365093
594.6281128	0.011021848328785
594.8552856	0.012504369364715
594.977816736	0.013336848081532
595.0824585	0.014066440302433
595.3096313	0.015710880006833
595.377930414	0.016221806236085
595.5368042	0.017440514036346
595.7640381	0.019258662705848
595.778044092	0.019373672265152
595.991272	0.021167685496076
596.17815777	0.022807811560055
596.2185059	0.023170375935747
596.4457397	0.025269499300239
596.578271448	0.026539402124494
596.6729736	0.027467787401226
596.9002075	0.029767923641909
596.978385126	0.030583287506632
597.1275024	0.032173196585728
597.3547974	0.034685568758183
597.378498804	0.034953816173816
597.5820923	0.037307526459821
597.778612482	0.039664667977091
597.8093872	0.040041471649622
598.0366821	0.042889706147141
598.17872616	0.044728668848835
598.2640381	0.045855233784155
598.491333	0.048938529318863
598.578839838	0.05015759536089
598.718689	0.052143184720698
598.9460449	0.055470172880669
598.978953516	0.055961971220806
599.1734009	0.05892112381467
599.379067194	0.062150858186015
599.4008179	0.062498466988266
599.6281738	0.066201551050116
599.779180872	0.068731644222967
599.8555908	0.070033438281063
600.0830078	0.073994012394693
600.17929455	0.075709832027853
600.3104248	0.078083912596286
600.5378418	0.082303543550584
600.579408228	0.083088831258448
600.7652588	0.086653063779348
600.979521906	0.09086975800424
600.9927368	0.091133593335847
601.2201538	0.095742362254629
601.379635584	0.099051245146315
601.4476318	0.100481197416753
601.6751099	0.105347948408707
601.779749262	0.107629267329514
601.9026489	0.110342736200201
602.130127	0.115461351074411
602.17986294	0.1165969842867
602.357666	0.120704684633332
602.579976618	0.125944606216448
602.585144	0.126067760602975
602.8126831	0.131550965534958
602.980090296	0.135659284818142
603.0402222	0.137150053677203
603.2678223	0.14286341771803
603.380203974	0.145725033429249
603.4953613	0.148684504279236
603.7229614	0.154612614855589
603.780317652	0.156122679485394
603.9505005	0.160640411200257
604.1781006	0.166766632510047
604.18043133	0.166829852232397
604.4057007	0.172984852234791
604.580545008	0.177821008259457
604.6333618	0.179291621541653
604.8609619	0.185678089571419
604.980658686	0.189067496994682
605.088623	0.192141893502511
605.3162842	0.198675243387084
605.380772364	0.200537667809736
605.5439453	0.205271747409246
605.7716064	0.211924739752897
605.780886042	0.212197019823813
605.9992676	0.218627285220237
606.18099972	0.224008394884144
606.2269287	0.225372184857971
606.4546509	0.232153833216915
606.581113398	0.235932213538357
606.682373	0.238962762798161
606.9100952	0.245791116999744
606.981227076	0.247926753113227
607.1378174	0.252630847458687
607.3655396	0.25947374741378
607.381340754	0.259948466285669
607.5933228	0.266313301522985
607.781454432	0.27195233778816
607.821106	0.273139209517629
608.0488892	0.279942913853004
608.18156811	0.283892276146153
608.2766724	0.286715792617633
608.5044556	0.293449186291778
608.581681788	0.295721536614129
608.7322388	0.300134425301499
608.960083	0.306764624968221
608.981795466	0.307393170775555
609.1878662	0.313327628840397
609.381909144	0.318860497615209
609.4157104	0.319818419030458
609.6435547	0.326226802716862
609.782022822	0.330077590276126
609.8713989	0.332544481238882
610.0993042	0.338764983912619
610.1821365	0.340999772192076
610.3271484	0.344877042076683
610.5550537	0.350876223170126
610.582250178	0.351584115854177
610.782959	0.356753415991494
610.982363856	0.36178993713951
611.0108643	0.362501446825955
611.2387695	0.368113451522782
611.382477534	0.371579277911498
611.4667358	0.373584357017288
611.6946411	0.378905075324561
611.782591212	0.380917369506331
611.9226074	0.384072686535085
612.1505737	0.389080392997435
612.18270489	0.389773069755864
612.37854	0.393923280421098
612.582818568	0.398119266375851
612.6065063	0.398596895072259
612.8345337	0.403098446323791
612.982932246	0.405933239884269
613.0625	0.407422046452344
613.2905273	0.411567050146064
613.383045924	0.413196979736157
613.5185547	0.415529846578373
613.746582	0.419308543088046
613.783159602	0.419897448120551
613.9746094	0.422901806912014
614.18327328	0.426026786953922
614.2026978	0.42630974827634
614.4307251	0.429530336280583
614.583386958	0.431582465169278
614.6588135	0.432565662585353
614.8869019	0.435415779975219
614.983500636	0.436567365641579
615.1149902	0.438082203379332
615.3431396	0.440567665643821
615.383614314	0.440989814220438
615.571228	0.442873498297484
615.783727992	0.444863557458623
615.7993774	0.445004164849963
616.0274658	0.446962317172879
616.18384167	0.448207700465309
616.2556152	0.44875335208384
616.4838257	0.450382039528444
616.583955348	0.451046620873744
616.7119751	0.451852956261129
616.9401245	0.453172548422196
616.984069026	0.453409877038851
617.168335	0.454347636600864
617.384182704	0.455332124756479
617.3965454	0.45538490944611
617.6247559	0.456291958335169
617.784296382	0.456853042560404
617.8529663	0.457076895098207
618.0811768	0.457748346415548
618.18441006	0.458017237089869
618.3094482	0.45831557552323
618.5376587	0.45878788460232
618.584523738	0.458874056548178
618.7659302	0.459175578190609
618.984637416	0.459477188246563
618.9942017	0.459488967704981
619.2224731	0.45973883053928
619.384751094	0.459883871818003
619.4508057	0.459936228661788
619.6790771	0.460092196329641
619.784864772	0.460153548555834
619.9074097	0.460217943382816
620.1357422	0.460324368802769
620.18497845	0.460345818620298
620.3640747	0.460422050210115
620.585092128	0.460517711725712
620.5924072	0.460520997637726
620.8207397	0.460630450441129
620.985205806	0.460720488535975
621.0491333	0.460758720137016
621.2774658	0.460912876459087
621.385319484	0.460996436989618
621.5058594	0.461098871206416
621.7342529	0.461321184692314
621.785433162	0.461376330473478
621.9626465	0.461582966814659
622.18554684	0.461878275866339
622.1911011	0.461886144365033
622.4194946	0.462231222563067
622.585660518	0.462508521670873
622.6479492	0.462618090557638
622.8764038	0.463045678180305
622.985774196	0.46326440526164
623.1048584	0.463512636857859
623.333313	0.46401760098685
623.385887874	0.46413906929449
623.5617676	0.464559534740835
623.786001552	0.465127028551962
623.7902832	0.46513820907586
624.0187378	0.465753835970163
624.18611523	0.466229311873692
624.2472534	0.466408358028239
624.475769	0.467104410521365
624.586228908	0.467456890661985
624.7043457	0.467846156807644
624.9328613	0.46863820368417
624.986342586	0.468831477626221
625.161377	0.469486574630901
625.386456264	0.470383440369926
625.3899536	0.470397889214547
625.6185303	0.471378494823989
625.786569942	0.472147318115728
625.8471069	0.47243477589926
626.0756836	0.473572568359865
626.18668362	0.474156018257111
626.3042603	0.47479681411389
626.5328979	0.47611163323481
626.586797298	0.476435024330184
626.7615356	0.47751906091224
626.986910976	0.478997815025375
626.9901733	0.479019884385015
627.218811	0.48061325969413
627.387024654	0.481843256837857
627.4474487	0.482296715740868
627.6760864	0.48406622495257
627.787138332	0.484955163391173
627.9047852	0.485916831771679
628.1334229	0.487840815149265
628.18725201	0.488303700962169
628.3621216	0.489831381952493
628.587365688	0.491847997802511
628.5908203	0.491879313991699
628.819519	0.493975195125637
628.987479366	0.495539230688664
629.0482788	0.496109659113055
629.2769775	0.498271256253061
629.387593044	0.499323577400086
629.5057373	0.500450596003955
629.7344971	0.502636434095926
629.787706722	0.503144650196769
629.9632568	0.504818064573732
630.1878204	0.506945267722486
630.1920166	0.506984815874006
630.4207764	0.509126094479355
630.587934078	0.510668612010762
630.6495972	0.511231980487581
630.8783569	0.513291015848191
630.988047756	0.514258923604868
631.1071777	0.515294126370394
631.3359985	0.517230760087564
631.388161434	0.517661915942177
631.5648193	0.519091118474524
631.788275112	0.520825064752926
631.7937012	0.520866077593978
632.022522	0.522545332900602
632.18838879	0.523697878397612
632.2514038	0.524120670458281
632.4802856	0.525582788933349
632.588502468	0.526232203848099
632.7091675	0.526923142915778
632.9380493	0.528133504310287
632.988616146	0.528382583330608
633.1669312	0.529205991705332
633.388729824	0.530106652292597
633.395874	0.53013331912763
633.6248169	0.530908061396595
633.788843502	0.531365558340802
633.8536987	0.531523376491609
634.0826416	0.531973342206336
634.18895718	0.532124378805771
634.3116455	0.532252042290585
634.5405884	0.53235403891266
634.589070858	0.532352517361792
634.7695313	0.532274655164076
634.989184536	0.532024064585797
634.9985352	0.532009554057741
635.2275391	0.531555038235991
635.389298214	0.53111811172825
635.456543	0.530907979349536
635.6855469	0.530065827936609
635.789411892	0.529619010575396
635.9145508	0.529026624404026
636.1436157	0.527788651677372
636.18952557	0.527516574995516
636.3726196	0.526351813473065
636.589639248	0.524806221740179
636.6016846	0.524715197940545
636.8307495	0.522879629740121
636.989752926	0.521489049533895
637.0598145	0.520846187270442
637.2889404	0.518615943589757
637.389866604	0.517571856617681
637.5180054	0.516192382719253
637.7471313	0.513577116450989
637.789980282	0.513067097839866
637.9761963	0.51077502730933
638.19009396	0.507992783184959
638.2053223	0.507788700515526
638.4345093	0.504622640009493
638.590207638	0.502372320335384
638.6636353	0.501283738424234
638.8927612	0.497776926440427
638.990321316	0.49623430448718
639.1219482	0.494107476477488
639.3511353	0.490283084588508
639.390434994	0.489612259193271
639.5803223	0.486311025421984
639.790548672	0.482544332486062
639.8095093	0.482199033706281
640.0386963	0.477955288083516
640.19066235	0.475072952932328
640.2678833	0.473588385543244
640.4971313	0.469106109396428
640.590776028	0.467244450595418
640.7263794	0.464518969234289
640.9556274	0.459836675455014
640.990889706	0.459108648121169
641.1848755	0.455069243937881
641.391003384	0.450718427324044
641.4141235	0.450226984254138
641.6434326	0.445319141280575
641.791117062	0.442129276730102
641.8726807	0.440359120794281
642.1019897	0.435355280483189
642.19123074	0.433398825534992
642.3312988	0.430320095965823
642.5606079	0.425264876004165
642.591344418	0.424586369361998
642.789917	0.420201037440989
642.991458096	0.415752393061159
643.0192261	0.415140077996887
643.2485962	0.410092207610845
643.391571774	0.406958095581142
643.4779663	0.405070355077579
643.7073364	0.400086096488291
643.791685452	0.39826492167689
643.9367065	0.395150974474009
644.1660767	0.390276468722586
644.19179913	0.389734104895065
644.3954468	0.385473977732627
644.591912808	0.381426225913305
644.6248779	0.380753537075022
644.8543091	0.376127582831876
644.992026486	0.373400789906201
645.0836792	0.371608293419988
645.3131104	0.367204059434298
645.392140164	0.365715826178951
645.5426025	0.362925573012947
645.7720337	0.358785467620316
645.792253842	0.358427512856867
646.0015259	0.354791658411699
646.19236752	0.351589828953821
646.230957	0.350956110332747
646.4604492	0.347286334639631
646.592481198	0.345254235673169
646.6899414	0.343792623571643
646.9194336	0.340483903509198
646.992594876	0.339469388328429
647.1489868	0.337367961221152
647.378479	0.33445469087887
647.392708554	0.334280879815465
647.6080322	0.331750419902965
647.792822232	0.329731016129585
647.8375854	0.329263451115288
648.0671387	0.32700089773631
648.19293591	0.325858624006172
648.2966919	0.324969479438451
648.5262451	0.323175508199969
648.593049588	0.32269889037724
648.7557983	0.321624885210889
648.9854126	0.320322780853457
648.993163266	0.320283232983482
649.2150269	0.319274704860174
649.393276944	0.318639201165264
649.4446411	0.31848529447839
649.6742554	0.317958755542435
649.793390622	0.317790405579808
649.9038696	0.317698862501953
650.1335449	0.317708994236604
650.1935043	0.317756475356994
650.3631592	0.317992052397054
650.5928345	0.318550661484447
650.593617978	0.318553041014181
650.8225098	0.319386824780459
650.993731656	0.320191741301177
651.0521851	0.320502153867591
651.2818604	0.321897832612504
651.393845334	0.322680252039436
651.5115967	0.323575103365176
651.741272	0.325533414941258
651.793959012	0.326022334953404
651.9710083	0.327773731483703
652.19407269	0.330217904464586
652.2007446	0.330295083612669
652.430481	0.333096581100741
652.594186368	0.335263110427808
652.6602173	0.336176931385785
652.8899536	0.339534453553019
652.994300046	0.341150434831108
653.119751	0.343168083143019
653.3495483	0.34707451577782
653.394413724	0.347868800552253
653.5793457	0.351250938274628
653.794527402	0.355403690362043
653.8091431	0.355694170304917
654.0389404	0.360400677261232
654.19464108	0.363737274483448
654.2687378	0.365366585439411
654.4985962	0.370589097890233
654.594754758	0.372848545151775
654.7283936	0.376060899570198
654.958252	0.381780031838686
654.994868436	0.38271345677047
655.1881104	0.387739900763915
655.394982114	0.393305070415352
655.4179688	0.393935031282667
655.6478882	0.400361392034993
655.795095792	0.404593701603363
655.8777466	0.407009523654263
656.107666	0.413876630690997
656.19520947	0.416547070405869
656.3375244	0.420952484683245
656.5674438	0.428234000884855
656.595323148	0.429130453148251
656.7973633	0.43571224675008
656.995436826	0.442306835092986
657.0273438	0.443381957961153
657.2572632	0.451231516112974
657.395550504	0.456037063650257
657.4872437	0.459257328986167
657.7172241	0.467449359311318
657.795664182	0.470280001795525
657.9471436	0.475797211677631
658.177124	0.484296956303389
658.19577786	0.484992681495352
658.4071655	0.492940185609425
658.595891538	0.500130457049551
658.637146	0.501713612297315
658.8671875	0.510613029955408
658.996005216	0.515647158347897
659.097168	0.519624713476826
659.3272095	0.52874429637572
659.396118894	0.531495244112841
659.557251	0.537960125360982
659.7872925	0.547262803417241
659.796232572	0.547625955254724
660.017395	0.556645320721282
660.19634625	0.563989468503913
660.2474365	0.566093094184806
660.4775391	0.57560143640547
660.596459928	0.580535050504302
660.7076416	0.585158057743183
660.9377441	0.594753106966668
660.996573606	0.597211212556379
661.1678467	0.604376672040373
661.396687284	0.613965866185901
661.3979492	0.614018777353297
661.6281128	0.623671981526192
661.796800962	0.630746479687685
661.8582153	0.633321117617613
662.0883789	0.642961243378689
662.19691464	0.647500235754558
662.3185425	0.652579715952357
662.5487061	0.66216645414597
662.597028318	0.664174190250477
662.7788696	0.671711381587478
662.997141996	0.680715432126652
663.0090942	0.681206961621281
663.2392578	0.690638132165911
663.397255674	0.697071244411029
663.4694824	0.699999902222031
663.699707	0.709279821131944
663.797369352	0.713189266127871
663.9299316	0.718468006484414
664.1601563	0.727554650146581
664.19748303	0.729017654926187
664.3904419	0.736532375311338
664.597596708	0.744505250116193
664.6206665	0.745386787164193
664.8509521	0.754113033093239
664.997710386	0.759601735733191
665.0812378	0.762699319033778
665.3115234	0.771136324069425
665.397824064	0.774257803170307
665.5418091	0.779414874047482
665.7720947	0.787525922405524
665.797937742	0.788425312846902
666.0024414	0.795462666613548
666.19805142	0.802057454309856
666.2327271	0.803212172480273
666.4630737	0.810769984217139
666.598165098	0.815108904101757
666.6934204	0.818125652624203
666.9237671	0.825270987736653
666.998278776	0.82753598067434
667.1541748	0.832199808618031
667.3845215	0.838900669251985
667.398392454	0.839296795578563
667.6149292	0.845369558106708
667.798506132	0.85035140012548
667.8452759	0.8515957202781
668.0756836	0.857575358099388
668.19861981	0.86066192668481
668.3060913	0.863299939141764
668.5365601	0.868764279047377
668.598733488	0.87019272377196
668.7669678	0.873959142882361
668.9973755	0.878879947208143
668.998847166	0.878910484068964
669.2278442	0.883522092448926
669.398960844	0.886784364530999
669.458313	0.887878729363205
669.6887817	0.89194463262338
669.799074522	0.893786097747352
669.9192505	0.895714880641166
670.1497803	0.899185727042102
670.1991882	0.899890093754216
670.380249	0.902351017688395
670.599301878	0.905073531535655
670.6107788	0.905208426372696
670.8412476	0.907752753879262
670.999415556	0.909316439498386
671.0717773	0.909981981090794
671.3023682	0.911892818646964
671.399529234	0.912601764264855
671.5328979	0.913481540459883
671.7634277	0.914746317206248
671.799642912	0.914915427196743
671.9940186	0.915685308252127
672.19975659	0.916246368136599
672.2246094	0.916296424428501
672.4551392	0.916578262187254
672.599870268	0.916586575938005
672.685791	0.916529879677007
672.9163818	0.916150488270971
672.999983946	0.915931105443286
673.1469727	0.915439761298164
673.3776245	0.914397360601348
673.400097624	0.914278080661371
673.6082153	0.91302415487098
673.800211302	0.911628683995855
673.8388672	0.911320069698944
674.069519	0.909286412230147
674.20032498	0.907987131473369
674.3001709	0.906924497288192
674.5308838	0.904235215370893
674.600438658	0.903360634024069
674.7615356	0.901221957580042
674.9922485	0.897885415221924
675.000552336	0.897759344968003
675.2229614	0.894228946579622
675.400666014	0.891196293962451
675.4536133	0.890256556407231
675.6843872	0.885968184541177
675.800779692	0.883687307764726
675.9151001	0.881370621774259
676.145813	0.876466581257207
676.20089337	0.875250918261458
676.3765869	0.871258736312167
676.601007048	0.865908258307956
676.6072998	0.865754207303407
676.8380737	0.85995472126452
677.001120726	0.855682946009052
677.0688477	0.853866591382853
677.2996826	0.847493253758691
677.401234404	0.844600958154736
677.5304565	0.840843470829096
677.7612305	0.833921222068949
677.801348082	0.832690493599479
677.9920654	0.826730432508235
678.20146176	0.819981827442407
678.2229004	0.819278963254183
678.4537354	0.811573095322902
678.601575438	0.806507156925876
678.6845703	0.803619304328182
678.9154053	0.795424238979546
679.001689116	0.79230044002219
679.1463013	0.78699247294577
679.3771362	0.778335456492771
679.401802794	0.777397227721576
679.6080322	0.769455750953282
679.801916472	0.761834491068824
679.8389282	0.760362902830236
680.0698242	0.751064324590765
680.20203015	0.745650444021121
680.3007202	0.741567544714681
680.5316772	0.731877612249861
680.602143828	0.728884363215436
680.7625732	0.722007372965163
680.9935303	0.711959418152344
681.002257506	0.711576405740076
681.2244873	0.701744222143576
681.402371184	0.69376742600235
681.4554443	0.691369719999797
681.6864014	0.680843892357484
681.802484862	0.675498792772483
681.9173584	0.67017476779994
682.1483765	0.659367508483794
682.20259854	0.656812207463153
682.3793335	0.648435886312048
682.602712218	0.637749524675294
682.6103516	0.637382175459818
682.8413696	0.626217305067502
683.002825896	0.618352576003838
683.0723877	0.614949292156784
683.3034058	0.603586135351127
683.402939574	0.598662998052828
683.5344238	0.592135789987946
683.7655029	0.58060308854777
683.803053252	0.578722065558308
683.996582	0.568998887106856
684.20316693	0.558570530460211
684.2276611	0.557330950687781
684.4587402	0.545606960894316
684.603280608	0.538248467701639
684.6898193	0.533834506613675
684.9208984	0.522021075020323
685.003394286	0.517795128466575
685.1519775	0.510174042893777
685.3831177	0.498297525951545
685.403507964	0.497248801495631
685.6142578	0.486401794610662
685.803621642	0.476646683044529
685.8453979	0.474493846031277
686.0765381	0.462580535427957
686.20373532	0.456024755973019
686.3076782	0.450668584586312
686.5388794	0.438761399209549
686.603848998	0.435417678372947
686.7700195	0.426871668412084
687.0012207	0.414999336493687
687.003962676	0.414858682064411
687.2324219	0.403153606955009
687.404076354	0.394379481208936
687.463623	0.391340364963115
687.6948242	0.379565297347671
687.804190032	0.374010191209168
687.9260254	0.367833918946831
688.1572876	0.356148472876056
688.20430371	0.353779257986468
688.3884888	0.34452024843811
688.604417388	0.333713397651314
688.619751	0.332948038135989
688.8510132	0.321439645953882
689.004531066	0.313837546507911
689.0822754	0.309999597178956
689.3135376	0.298632211720464
689.404644744	0.29417482126342
689.5448608	0.287338634802073
689.776123	0.276128728024622
689.804758422	0.274746489245348
690.0074463	0.265000270228039
690.2048721	0.255571948367409
690.2387695	0.253959726721199
690.4700928	0.243010365638987
690.604985778	0.236668716525586
690.701416	0.232155263836049
690.9327393	0.221397269419472
691.005099456	0.21805243005225
691.1641235	0.21073624278629
691.3954468	0.200180236493133
691.405213134	0.199736850807245
691.6268311	0.189725922372077
691.805326812	0.181733881441431
691.8582153	0.179378131504862
692.0895996	0.169138680688957
692.20544049	0.164053588329626
692.3209839	0.159009198573673
692.5524292	0.148988483791456
692.605554168	0.146704231637457
692.7838135	0.139083046965609
693.005667846	0.129692301958998
693.0152588	0.12928870023667
693.2467041	0.119608913941021
693.405781524	0.113022562940429
693.4781494	0.110044344242915
693.7095947	0.100595462779475
693.805895202	0.09669809928831
693.94104	0.09126256019459
694.1725464	0.08204333197462
694.20600888	0.080720369549804
694.4039917	0.072942584278486
694.606122558	0.065089263045831
694.635498	0.063955286029597
694.8670044	0.055083451771443
695.006236236	0.049803160336657
695.0985107	0.046326532136903
695.3300171	0.037683805285658
695.406349914	0.034858996602417
695.5615234	0.029154411484739
695.7930908	0.020735124488712
695.806463592	0.020252327328146
696.0246582	0.012427049516555
696.20657727	0.005977395694137
696.2561646	0.004231031175688
696.4877319	-0.003858681846536
