76 0 214 -0.051643760142659
76 0 214 -0.033364929211879
75 0 215 -0.01339382258113
75 0 215 -0.012865395696583
75 0 216 0.006844508197025
74 0 216 0.02218960881041
74 0 216 0.025770776837278
73 0 217 0.043916796022619
73 0 217 0.055145473750332
73 0 217 0.061288754237136
72 0 218 0.077895302699924
72 0 218 0.08551245342234
71 0 218 0.093740682541647
71 0 219 0.10883208697114
71 0 219 0.113332370970309
70 0 219 0.123179247005152
69 0 220 0.13679032054854
69 0 220 0.138652920058561
69 0 220 0.149672465741207
68 0 221 0.161529710383361
68 0 221 0.161835738570223
67 0 221 0.173292611204022
67 0 222 0.182027635873768
67 0 222 0.184053141821858
66 0 223 0.1941300437211
66 0 223 0.200221591810091
65 0 223 0.203538212241947
65 0 224 0.212290693918512
64 0 224 0.216196588485801
64 0 224 0.220403932705126
63 0 225 0.227892842674618
63 0 225 0.230047328820777
62 0 225 0.234775271394729
62 0 226 0.241067765046569
61 0 226 0.241877333423955
61 0 226 0.246788586606912
60 0 227 0.251797707553037
60 0 227 0.251957238415767
59 0 227 0.256592175917825
59 0 228 0.259925649494994
58 0 228 0.260713633142441
58 0 228 0.264340936152759
57 0 229 0.266382799067952
57 0 229 0.267494723155556
56 0 230 0.27019484009702
56 0 230 0.271293518806519
55 0 230 0.272461728629756
54 0 231 0.27431604262316
54 0 231 0.274783189970871
53 0 231 0.275777774425381
53 0 232 0.276867219673055
53 0 232 0.276976592107174
52 0 232 0.277604090889705
51 0 233 0.2779964198466
51 0 233 0.278008034654553
50 0 233 0.278098335321491
49 0 234 0.27796197523904
49 0 234 0.277893809124602
48 0 234 0.277412814318818
48 0 235 0.276988059250091
47 0 235 0.276673319817538
46 0 235 0.275692606316045
46 0 236 0.275184072913315
45 0 236 0.274487643888217
45 0 236 0.273074738972924
44 0 237 0.272653327544468
44 0 237 0.271469360336565
43 0 237 0.269686791642032
43 0 238 0.269492554641345
42 0 238 0.267741229088156
41 0 239 0.265791599635536
41 0 239 0.265646762137325
40 0 239 0.263416615834674
39 0 239 0.261633279381468
39 0 240 0.261063049473053
38 0 240 0.258597990576178
37 0 240 0.257093380898864
37 0 241 0.256033487712082
36 0 241 0.25337920549361
35 0 241 0.252240778099487
34 0 242 0.250646401731174
33 0 242 0.247843899040438
33 0 242 0.247137643680315
32 0 243 0.244981094909796
31 0 243 0.242066052071108
31 0 243 0.241839734718629
30 0 244 0.239106698423789
29 0 244 0.236396732459209
29 0 244 0.236111295878992
28 0 245 0.233085951385449
27 0 245 0.230852619085613
27 0 245 0.230037127963399
25 0 246 0.226971267731544
25 0 246 0.225246076712404
24 0 246 0.223893960298375
23 0 247 0.220809952704331
22 0 247 0.219610896268381
22 0 247 0.217724459131269
20 0 248 0.21464189236524
20 0 248 0.213976386252543
19 0 249 0.211565883423703
18 0 249 0.208500161277632
18 0 249 0.20836777346273
16 0 250 0.205448563464772
15 0 250 0.202806589680771
15 0 250 0.202414203572617
13 0 251 0.199399907870624
12 0 251 0.197311039930395
12 0 251 0.196407828130489
10 0 252 0.193440287520236
10 0 252 0.191896349305663
9 0 252 0.190499788872828
7 0 253 0.187588197685161
6 0 253 0.186575086510403
5 0 253 0.184706771673714
3 0 254 0.181857388153984
3 0 254 0.181357463173172
1 0 254 0.179041337001192
0 2 255 0.176259356827048
0 2 255 0.176251608731626
0 4 255 0.173512429857753
0 6 255 0.171263821240397
0 7 255 0.17080177343248
0 9 255 0.168128077678592
0 10 255 0.166398794873146
0 11 255 0.165491909974617
0 13 255 0.162893362773283
0 14 255 0.161659825186305
0 14 255 0.160332799784689
0 16 255 0.157810835028104
0 17 255 0.157048993411007
0 18 255 0.155327624368491
0 20 255 0.152882906449096
0 20 255 0.152567331160245
0 21 255 0.15047702888161
0 23 255 0.148214966997211
0 23 255 0.148109917465295
0 25 255 0.145781115592269
0 26 255 0.143991256322261
0 26 255 0.143490759741116
0 28 255 0.141238289851606
0 29 255 0.139894896012013
0 29 255 0.139023727459873
0 31 255 0.136846430920332
0 32 255 0.135924025194503
0 32 255 0.134706325527543
0 34 255 0.132602989128461
0 34 255 0.13207631347695
0 35 255 0.130535684136692
0 37 255 0.128504218822106
0 37 255 0.128349037863909
0 38 255 0.126507807924032
0 39 255 0.124739149518277
0 40 255 0.124546197985986
0 41 255 0.122618831544996
0 42 255 0.121243331429608
0 42 255 0.120724869805991
0 44 255 0.11886398851719
0 45 255 0.117858047966359
0 45 255 0.117035323300719
0 47 255 0.115238511391534
0 47 255 0.114579587203081
0 48 255 0.11347267225049
0 49 255 0.111737412214202
0 50 255 0.111404096831832
0 51 255 0.110032074186509
0 52 255 0.10835576234677
0 52 255 0.108327614390095
0 53 255 0.106708046063714
0 54 255 0.105346092466131
0 55 255 0.105088023692257
0 56 255 0.10349546485118
0 57 255 0.102455419477191
0 57 255 0.101929023525963
0 59 255 0.100388457405141
0 59 255 0.099651436556769
0 60 255 0.098873072200757
0 61 255 0.097381967996348
0 61 255 0.096929951034046
0 62 255 0.095914659669728
0 64 255 0.094470448394143
0 64 255 0.094286746941941
0 65 255 0.093048438243117
0 66 255 0.09171759294963
0 66 255 0.091648130228051
0 67 255 0.090268632406168
0 68 255 0.089218248080988
0 69 255 0.088909437485601
0 70 255 0.087569843700463
0 71 255 0.086784465552063
0 71 255 0.086248965037004
0 72 255 0.084946104806273
0 73 255 0.084411995038259
0 74 255 0.0836609217685
0 75 255 0.082392353443807
0 75 255 0.082096583665485
0 76 255 0.081139702475371
0 77 255 0.079902440733898
0 77 255 0.079833976008923
0 78 255 0.078679863070778
0 79 255 0.077619913378388
0 80 255 0.077471095471681
0 81 255 0.076275602324997
0 82 255 0.075450132670459
0 82 255 0.075092512395137
0 83 255 0.073921285292028
0 84 255 0.073320365074608
0 84 255 0.072761211561371
0 86 255 0.071611422788334
0 86 255 0.07122633493348
0 87 255 0.070471369586355
0 88 255 0.069340185394097
0 88 255 0.069163759076034
0 89 255 0.068217315768966
0 90 255 0.067128346966368
0 90 255 0.067102048916537
0 91 255 0.065993517239672
0 92 255 0.065115802040087
0 93 255 0.064891010087372
0 94 255 0.06379411969666
0 94 255 0.063121824633496
0 95 255 0.062701826843802
0 96 255 0.061613420374015
0 97 255 0.061142116947505
0 97 255 0.060528339291926
0 98 255 0.059445872336813
0 99 255 0.059172390526394
0 99 255 0.058365160659267
0 101 255 0.05728564746322
0 101 255 0.057208376769268
0 102 255 0.056206630863024
0 103 255 0.055245841026143
0 103 255 0.055127262485145
0 104 255 0.054046848839252
0 105 255 0.053280600857198
0 105 255 0.052965004506113
0 106 255 0.051880600448756
0 107 255 0.051308549047738
0 107 255 0.050793420093428
0 108 255 0.049702504608586
0 109 255 0.04932568196671
0 110 255 0.048607361851544
0 111 255 0.047507211442519
0 111 255 0.047328133825531
0 112 255 0.046401594765994
0 113 255 0.04531221732804
0 113 255 0.045289767480372
0 114 255 0.044171315125568
0 115 255 0.043274471091708
0 115 255 0.043045696119117
0 116 255 0.041912240017876
0 117 255 0.041211714054732
0 117 255 0.040770620570748
0 118 255 0.03962023303796
0 119 255 0.039121106853225
0 119 255 0.038460827377007
0 120 255 0.037291876096686
0 121 255 0.037000219848554
0 122 255 0.036113386125236
0 123 255 0.034924597279222
0 123 255 0.034847107101089
0 124 255 0.033725789120323
0 125 255 0.032660385121726
0 125 255 0.032516475753643
0 126 255 0.031296562081017
0 127 255 0.03043931469211
0 127 255 0.030066191320479
0 128 255 0.028825411409896
0 129 255 0.028183883443334
0 129 255 0.027574171833036
0 130 255 0.026312846409752
0 130 255 0.025894886247422
0 131 255 0.025041720818269
0 132 255 0.023760989047124
0 132 255 0.023573999845855
0 133 255 0.022471286980248
0 134 255 0.021223847568559
0 134 255 0.02117298836782
0 135 255 0.01986691653755
0 136 255 0.018848049551611
0 136 255 0.018553632036085
0 138 255 0.017234151328175
0 138 255 0.016451253618447
0 139 255 0.015909407946982
0 140 255 0.014580245886182
0 140 255 0.014039142026243
0 141 255 0.01324796767199
0 142 255 0.011913784791387
0 142 255 0.01161840966877
0 143 255 0.010578809910815
0 144 255 0.009244422711441
0 144 255 0.009196710123562
0 145 255 0.00791244824785
0 146 255 0.006782567157447
0 146 255 0.006584043107685
0 147 255 0.005260798107353
0 148 255 0.004385250940055
0 148 255 0.003944538373043
0 149 255 0.002636948919338
0 149 255 0.002014620187197
0 150 255 0.001339571644242
0 151 255 5.43296820375414e-05
0 151 255 -0.000319066362013
0 152 255 -0.001217196326478
0 153 255 -0.002473074479945
0 153 255 -0.002605363514524
0 154 255 -0.003711562383697
0 155 255 -0.004833870578548
0 155 255 -0.004931110331453
0 156 255 -0.006129865433286
0 157 255 -0.006994470396219
0 157 255 -0.007306357456129
0 158 255 -0.008458848207413
0 159 255 -0.009077566088615
0 159 255 -0.009585838676877
0 160 255 -0.010686062389392
0 161 255 -0.011074304829254
0 161 255 -0.011758036627075
0 162 255 -0.012800679322249
0 162 255 -0.012976778452291
0 163 255 -0.013812722616752
0 164 255 -0.014778191980513
0 164 255 -0.014793165242781
0 165 255 -0.015741252576105
0 166 255 -0.016472993114017
0 166 255 -0.016656088659092
0 167 255 -0.017537040165244
0 168 255 -0.018056958163615
0 168 255 -0.018383715924932
0 169 255 -0.019195724430134
0 170 255 -0.019527232602889
0 170 255 -0.019972694334456
0 171 255 -0.020714498192566
0 171 255 -0.020882327091654
0 172 255 -0.021421129322733
0 173 255 -0.022092787781579
0 173 255 -0.022122072251564
0 174 255 -0.022729680353506
0 175 255 -0.023247537459179
0 175 255 -0.023332037667876
0 176 255 -0.023900285113295
0 177 255 -0.024260920337724
0 177 255 -0.024434939390566
0 178 255 -0.024936668564472
0 179 255 -0.025165414424769
0 179 255 -0.025406136343634
0 180 255 -0.025844017304804
0 180 255 -0.025965062688264
0 181 255 -0.026251118726953
0 182 255 -0.026628299956203
0 182 255 -0.02666460423301
0 183 255 -0.026976511383978
0 184 255 -0.027269320796919
0 184 255 -0.027296683660053
0 185 255 -0.027589739183853
0 186 255 -0.027784888612053
0 186 255 -0.027856673657435
0 187 255 -0.02809849928718
0 187 255 -0.028217240029713
0 188 255 -0.028316267131599
0 189 255 -0.02851099477271
0 189 255 -0.028572438097875
0 190 255 -0.028683677883097
0 191 255 -0.028835338240507
0 191 255 -0.028856566126133
0 192 255 -0.028966987508579
0 193 255 -0.029075633244487
0 193 255 -0.029079638055721
0 194 255 -0.029174263201033
0 194 255 -0.029235496097807
0 195 255 -0.0292518073551
0 196 255 -0.029313208662007
0 196 255 -0.02934179613471
0 197 255 -0.029359380106111
0 198 255 -0.029391211127243
0 198 255 -0.029399911446497
0 199 255 -0.029409553698293
0 199 255 -0.02941523079919
0 200 255 -0.02941492177432
0 200 255 -0.029409040096283
0 201 255 -0.029391747943225
0 201 255 -0.029391585108633
0 202 255 -0.029364084533145
0 203 255 -0.029334324227927
0 203 255 -0.029326748814263
0 204 255 -0.02928042239451
0 205 255 -0.029247221537222
0 205 255 -0.029225724141387
0 206 255 -0.029163283510719
0 207 255 -0.029134020645806
0 207 255 -0.029093660987209
0 208 255 -0.02901741217065
0 208 255 -0.02899813324637
0 209 255 -0.028935043155669
0 210 255 -0.02884705298897
0 210 255 -0.028842650005975
0 211 255 -0.028753889412629
0 212 255 -0.028670354338813
0 212 255 -0.028655997887765
0 213 255 -0.028553785629627
0 213 255 -0.02848373809082
0 214 255 -0.028447619359588
0 215 255 -0.028337869904464
0 215 255 -0.028285018319367
0 216 255 -0.028224854630015
0 217 255 -0.02810889889575
0 217 255 -0.028076154492584
0 218 255 -0.027990290943263
0 218 255 -0.027869280961425
0 219 255 -0.027858865559495
0 219 255 -0.027746131990509
0 220 255 -0.027634646452955
0 220 255 -0.027621071081234
0 221 255 -0.027494289101068
0 222 255 -0.027404783682216
0 222 255 -0.027365993327115
0 223 255 -0.027236338743904
0 224 255 -0.027170369751624
0 224 255 -0.027105499130846
0 225 255 -0.026973596112325
0 225 255 -0.026932316207587
0 226 255 -0.026840772081505
0 227 255 -0.026707136314059
0 227 255 -0.026691365169226
0 228 255 -0.026572764824581
0 229 255 -0.02644809924047
0 229 255 -0.026437756487975
0 230 255 -0.026302177765494
0 230 255 -0.026202949734631
0 231 255 -0.02616606283774
0 232 255 -0.026029469925138
0 232 255 -0.025956203168145
0 232 255 -0.025892406810067
0 233 255 -0.025754905753189
0 234 255 -0.025708005999739
0 234 255 -0.025616967656027
0 235 255 -0.025478561316301
0 235 255 -0.025458367606167
0 236 255 -0.025339661824554
0 237 255 -0.025207161497003
0 237 255 -0.025200269863144
0 238 255 -0.02506029642318
0 239 255 -0.024954124779977
0 239 255 -0.024919677739759
0 240 255 -0.024778375664803
0 240 255 -0.024698855895839
0 241 255 -0.024636241301337
0 242 255 -0.024493229126218
0 242 255 -0.02444081064873
0 243 255 -0.024349181446226
0 243 255 -0.024203965014653
0 244 255 -0.024179296565097
0 244 255 -0.024057472024287
0 245 255 -0.023913465622112
0 245 255 -0.023909478459572
0 246 255 -0.023759866049581
0 247 255 -0.023642305395754
0 247 255 -0.02360839781044
0 248 255 -0.023454881442151
0 249 255 -0.023364628689799
0 249 255 -0.023299064845749
0 250 255 -0.023140719726699
0 250 255 -0.023079061720148
0 251 255 -0.022979555508364
0 252 255 -0.0228153054523
0 252 255 -0.022784030944699
0 253 255 -0.022647660503187
0 253 255 -0.02247774864743
0 253 255 -0.022476266227609
0 254 255 -0.022300792283762
0 255 253 -0.022158197406709
0 255 253 -0.022120862237145
0 255 250 -0.02193604971416
0 255 249 -0.0218231136022
0 255 248 -0.021745953140778
0 255 246 -0.021550093399133
0 255 245 -0.021469970141921
0 255 243 -0.021348016903568
0 255 241 -0.021139187521936
0 255 241 -0.021095958621146
0 255 239 -0.020923126318033
0 255 237 -0.020699176538985
0 255 237 -0.020697971157443
0 255 234 -0.020466831873101
0 255 232 -0.02027258218113
0 255 232 -0.02022539921398
0 255 230 -0.019974212931823
0 255 228 -0.019816030497188
0 255 227 -0.019712609767295
0 255 225 -0.019439859404241
0 255 224 -0.019324201972731
0 255 223 -0.019155196169752
0 255 220 -0.018857776489839
0 255 220 -0.018792613242833
0 255 218 -0.018546755910533
0 255 216 -0.018221342992049
0 255 215 -0.018216396865968
0 255 213 -0.017880485688928
0 255 211 -0.017590288397736
0 255 211 -0.017523367149977
0 255 208 -0.017148895783894
0 255 207 -0.016908615886764
0 255 206 -0.016756086848448
0 255 204 -0.016343809262244
0 255 203 -0.016165292328689
0 255 201 -0.015911002746657
0 255 199 -0.015456450344747
0 255 198 -0.01535381164158
0 255 196 -0.014979016736231
0 255 194 -0.014477469315808
0 255 194 -0.014467248747854
0 255 192 -0.01395053569016
0 255 190 -0.013498264362253
0 255 189 -0.013396749847927
0 255 187 -0.012814985148444
0 255 185 -0.012439115091384
0 255 184 -0.0122036964273
0 255 182 -0.011561539466248
0 255 181 -0.011281669446393
0 255 179 -0.010886963218935
0 255 177 -0.010178563713576
0 255 176 -0.010017430355023
0 255 174 -0.009434820933022
0 255 172 -0.00865407480502
0 255 172 -0.008637564731538
0 255 169 -0.007834848483399
0 255 167 -0.007132940621406
0 255 167 -0.006975539766155
0 255 164 -0.00607439940454
0 255 163 -0.005494172381439
0 255 162 -0.005129767974516
0 255 159 -0.004140245820934
0 255 158 -0.00371167428432
0 255 157 -0.003103746373931
0 255 154 -0.002019007927982
0 255 154 -0.001775722848731
0 255 152 -0.000884049972432
0 255 149 0.00030266499173
0 255 149 0.000323471907686
0 255 146 0.001542989444466
0 255 144 0.002595686215438
0 255 144 0.00283843226332
0 255 141 0.004190648385437
0 255 139 0.005050593358941
0 255 138 0.00560147024399
0 255 136 0.007072324346075
0 255 135 0.007697665749987
0 255 133 0.008605004105136
0 255 130 0.010200851363662
0 255 130 0.010546068641719
0 255 128 0.011861364347874
0 255 125 0.013588230009919
0 255 125 0.013604546031256
0 255 122 0.015382615058134
0 255 120 0.016881299483626
0 255 120 0.017246105530555
0 255 117 0.019179715587178
0 255 115 0.020383860800745
0 255 114 0.021184621607286
0 255 111 0.023262207936526
0 255 110 0.024118959653546
0 255 109 0.025413201604907
0 255 106 0.027638503012177
0 255 105 0.028092387489436
0 255 103 0.029939224471337
0 255 100 0.032308859217124
0 255 100 0.032315744510558
0 255 97 0.034768957128849
0 255 95 0.036771874352202
0 255 94 0.037298969423349
0 255 91 0.039906067366377
0 255 90 0.041483579475223
0 255 88 0.042590770420131
0 255 85 0.04535271739214
0 255 84 0.046444634004742
0 255 82 0.048192140075986
0 255 79 0.051108334967816
0 255 79 0.051654081416277
0 255 76 0.054100802150677
0 255 73 0.057109228139719
0 255 73 0.057169290484859
0 255 70 0.060312536533087
0 255 68 0.06280553243806
0 255 67 0.063529494178036
0 255 64 0.066819380644311
0 255 62 0.068736505605321
0 255 61 0.070180325596588
0 255 57 0.073611170034839
0 255 56 0.074893627817599
0 255 54 0.077109616776493
0 255 51 0.080674116586452
0 255 50 0.081266280925213
0 255 47 0.084301437824898
0 255 44 0.087841700383623
0 255 44 0.087990114553173
0 255 40 0.091737495532994
0 255 37 0.094604948384638
0 255 37 0.095540200094178
0 255 33 0.09939513430495
0 255 31 0.101538910066807
0 255 29 0.103299535956697
0 255 25 0.107249374905883
0 255 24 0.108624314455262
0 255 21 0.111241492009982
0 255 17 0.11527088857452
0 255 16 0.115839781508174
0 255 12 0.119335125226906
0 255 7 0.123161896332239
0 255 7 0.123428252620588
0 255 0 0.12754692044144
1 255 0 0.130565311277143
2 255 0 0.131686495426752
4 255 0 0.135841600288079
5 255 0 0.138022876234315
6 255 0 0.140007270600436
7 255 0 0.14417838800385
8 255 0 0.145505797055059
9 255 0 0.148350276160903
10 255 0 0.152517553454903
10 255 0 0.152983821575785
12 255 0 0.156673594449767
13 255 0 0.160425452303199
13 255 0 0.160813944454715
14 255 0 0.164932920122789
15 255 0 0.167798184381573
16 255 0 0.169024205304106
17 255 0 0.173081995372157
18 255 0 0.175068767050452
18 255 0 0.177100445503931
19 255 0 0.181074766625234
20 255 0 0.182203486419352
21 255 0 0.184996908463289
22 255 0 0.188863146373979
22 255 0 0.189168467052326
23 255 0 0.192666558955681
24 255 0 0.195929989587426
24 255 0 0.19640235602017
25 255 0 0.200062763677039
26 255 0 0.202454821432187
27 255 0 0.203644124906472
28 255 0 0.207139876763973
28 255 0 0.20871055749431
29 255 0 0.210544582646594
30 255 0 0.213852945264498
30 255 0 0.214665967942318
31 255 0 0.217059829999441
32 255 0 0.220161107465041
32 255 0 0.22029135015536
33 255 0 0.223151119534103
34 255 0 0.225558882317748
34 255 0 0.226025314385228
35 255 0 0.228779375024506
36 255 0 0.230442976532977
36 255 0 0.231409238234313
37 255 0 0.233911779160003
38 255 0 0.234920629847211
38 255 0 0.236282130724903
39 255 0 0.238518398100165
40 255 0 0.238971772133746
41 255 0 0.240617050606285
42 255 0 0.242576090076762
42 255 0 0.242579610319513
43 255 0 0.244392294368643
43 255 0 0.245730968821996
44 255 0 0.246064890064876
45 255 0 0.247591995356801
45 255 0 0.248416626166971
46 255 0 0.24897266456282
47 255 0 0.250206391873101
47 255 0 0.250631647402457
48 255 0 0.2512934019193
49 255 0 0.252233522869564
49 255 0 0.252375710923042
50 255 0 0.25302818015144
50 255 0 0.25365342648435
51 255 0 0.253678515969159
51 255 0 0.25418647172007
52 255 0 0.254474638363959
52 255 0 0.254554607734888
53 255 0 0.254785753518738
54 255 0 0.254854703726799
54 255 0 0.254883629976699
55 255 0 0.25485232510568
56 255 0 0.254814731308831
56 255 0 0.254696590024684
57 255 0 0.254421671921828
57 255 0 0.254381759733963
58 255 0 0.254033648663368
59 255 0 0.253588848521539
59 255 0 0.253538824134504
60 255 0 0.252944385880538
61 255 0 0.252475048753006
61 255 0 0.252257997483687
62 255 0 0.251487869403834
62 255 0 0.251085215307655
63 255 0 0.25064249520542
64 255 0 0.249731560535079
64 255 0 0.249469619608107
65 255 0 0.248764244130065
66 255 0 0.247750861973214
66 255 0 0.247683322114461
66 255 0 0.246701828730295
67 255 0 0.245785268539774
67 255 0 0.245627533042505
68 255 0 0.24453914241384
69 255 0 0.243837083915218
69 255 0 0.243447941662816
70 255 0 0.242364326852427
70 255 0 0.241901554813004
71 255 0 0.24129949117129
72 255 0 0.240263837256432
72 255 0 0.240040812249227
73 255 0 0.239268279752222
74 255 0 0.238322169547354
74 255 0 0.238314255273113
75 255 0 0.237435092406285
75 255 0 0.236776286349367
75 255 0 0.236615637678021
76 255 0 0.235871357735538
77 255 0 0.235473961796858
77 255 0 0.235209432908527
78 255 0 0.234635190261466
78 255 0 0.234444690414284
79 255 0 0.234153313409382
80 255 0 0.233767001804526
80 255 0 0.233714137137066
81 255 0 0.233478081798636
82 255 0 0.233294502153739
82 255 0 0.233286946544128
82 255 0 0.233192503196882
83 255 0 0.233183345793715
83 255 0 0.233192245414308
84 255 0 0.233282119526329
85 255 0 0.233363113080312
85 255 0 0.233456626146105
86 255 0 0.233708884477532
86 255 0 0.233801478026138
87 255 0 0.234030820229412
88 255 0 0.234413026489099
88 255 0 0.234452577351302
88 255 0 0.234845129364745
89 255 0 0.235259139268873
89 255 0 0.235315900820379
90 255 0 0.235813449792195
91 255 0 0.236155440300329
91 255 0 0.23632557392021
92 255 0 0.236839422111122
92 255 0 0.237070948430699
93 255 0 0.237342706215971
93 255 0 0.237822962999317
94 255 0 0.237934441983891
94 255 0 0.238268474409755
95 255 0 0.238667884835007
95 255 0 0.238678338225998
96 255 0 0.239011241096242
97 255 0 0.239242930862997
97 255 0 0.239289409339973
98 255 0 0.239494710375008
98 255 0 0.239580226438034
98 255 0 0.239620964671768
99 255 0 0.239663621242686
100 255 0 0.23965708868272
100 255 0 0.239619830706696
101 255 0 0.2394885774291
101 255 0 0.239457446563655
102 255 0 0.239270561415349
103 255 0 0.238983392328887
103 255 0 0.238968282630238
103 255 0 0.238586223247142
104 255 0 0.238255083697442
104 255 0 0.238130289108953
105 255 0 0.237607845707283
105 255 0 0.237309460751262
106 255 0 0.237027918207633
107 255 0 0.236400629123746
107 255 0 0.236197883335084
107 255 0 0.235737110384889
108 255 0 0.235049096548667
108 255 0 0.234982879244575
109 255 0 0.234349451349819
110 255 0 0.233734258906518
110 255 0 0.233650611568635
111 255 0 0.232965674433085
111 255 0 0.232524892654259
112 255 0 0.232307398095255
112 255 0 0.231688005305528
113 255 0 0.231426459067416
113 255 0 0.23111963354929
114 255 0 0.230612996852568
114 255 0 0.230505457375073
115 255 0 0.230178327564259
116 255 0 0.229824590616006
116 255 0 0.229819736834998
116 255 0 0.229559521689621
117 255 0 0.22941573696805
117 255 0 0.229389497745623
118 255 0 0.229319622126326
118 255 0 0.229326561819932
119 255 0 0.229353452569749
119 255 0 0.229493136504598
120 255 0 0.229570936928674
120 255 0 0.229739448868732
121 255 0 0.230091537910019
121 255 0 0.230153026914795
122 255 0 0.230547525003744
123 255 0 0.231063030895339
123 255 0 0.231103817285509
123 255 0 0.231756183978296
124 255 0 0.232278426764455
124 255 0 0.232499083189851
125 255 0 0.233325520710493
125 255 0 0.233765706193812
126 255 0 0.234228247404617
127 255 0 0.235199368158635
127 255 0 0.235482430300052
127 255 0 0.236229870810897
128 255 0 0.237310499318027
128 255 0 0.237379439783918
129 255 0 0.238431638982004
130 255 0 0.239403070063874
130 255 0 0.239583748620222
130 255 0 0.240756527014132
131 255 0 0.241497247771486
131 255 0 0.241939618374405
132 255 0 0.243123692178696
132 255 0 0.243605375941341
133 255 0 0.244298911145494
134 255 0 0.245455014527023
134 255 0 0.24567194753422
134 255 0 0.246583282971264
135 255 0 0.247643857399384
135 255 0 0.247674093377463
136 255 0 0.248719400234822
136 255 0 0.249471409063164
137 255 0 0.249710677203326
137 255 0 0.250640383551458
138 255 0 0.251109033396431
138 255 0 0.25150069194795
139 255 0 0.252285221839742
139 255 0 0.252515750706363
140 255 0 0.252987366283319
140 255 0 0.253601250903172
140 255 0 0.253655416299218
141 255 0 0.254121489565245
142 255 0 0.254496792795634
142 255 0 0.254543179974954
143 255 0 0.254861967653495
143 255 0 0.255013491508258
143 255 0 0.2550737616283
144 255 0 0.255175054055442
144 255 0 0.255183821209807
145 255 0 0.255162779274627
146 255 0 0.255034300153352
146 255 0 0.254990576798823
146 255 0 0.254787310318024
147 255 0 0.254420793738255
147 255 0 0.254420003769676
148 255 0 0.25393108932062
149 255 0 0.253465487514989
149 255 0 0.253319231981133
149 255 0 0.252583617342527
150 255 0 0.252119391325918
150 255 0 0.251724271977945
151 255 0 0.250740684891103
151 255 0 0.250380700089606
152 255 0 0.249633342522295
152 255 0 0.248402816593067
152 255 0 0.248250824867271
153 255 0 0.247049967737804
154 255 0 0.245734158856424
154 255 0 0.245575933094538
155 255 0 0.243981664957561
155 255 0 0.242837854194271
155 255 0 0.242269683960291
156 255 0 0.240440955755369
156 255 0 0.239571607714746
157 255 0 0.238498056494362
158 255 0 0.236442756457773
158 255 0 0.235947453357344
158 255 0 0.234278723724585
159 255 0 0.232007530928368
159 255 0 0.231979558944947
160 255 0 0.229632684809425
160 255 0 0.227684025368475
161 255 0 0.227157292334295
161 255 0 0.224584622620727
162 255 0 0.223078686704465
162 255 0 0.221918095699957
163 255 0 0.219160511863586
163 255 0 0.21818291034545
163 255 0 0.216316272651157
164 255 0 0.213389186417766
164 255 0 0.213017396770121
165 255 0 0.210383166131532
166 255 0 0.207603979074755
166 255 0 0.207302223485622
166 255 0 0.204150449647665
167 255 0 0.201965422803674
167 255 0 0.200931126874321
168 255 0 0.197649332346295
168 255 0 0.196125226944393
169 255 0 0.194309342760942
169 255 0 0.190915480004696
169 255 0 0.19010742719237
170 255 0 0.187471149071914
171 255 0 0.183982584135004
171 255 0 0.183936402747492
171 255 0 0.18045226996018
172 255 0 0.177636687988921
172 255 0 0.176885519860822
173 255 0 0.173286695083482
173 255 0 0.171232790397793
174 255 0 0.169660136182817
174 255 0 0.166009153887949
175 255 0 0.164749016069199
175 255 0 0.162339998117426
176 255 0 0.158654898428223
176 255 0 0.158209304085813
177 255 0 0.154959008605681
177 255 0 0.151637070924493
177 255 0 0.151255419612446
178 255 0 0.147550163427142
178 255 0 0.145055065941531
179 255 0 0.143846177246505
179 255 0 0.140146311540007
180 255 0 0.138485238838753
180 255 0 0.136455332933403
181 255 0 0.132776903820898
181 255 0 0.131948619966774
182 255 0 0.129113594168833
182 255 0 0.125471646432946
182 255 0 0.12546605649861
183 255 0 0.121881727877148
184 255 0 0.119321540933133
184 255 0 0.118696061102843
184 255 0 0.116943136209455
185 255 0 0.11634386323919
185 255 0 0.115358317535677
186 255 0 0.110428297435508
186 255 0 0.108448987871022
187 255 0 0.104855719101433
187 255 0 0.100832165156311
187 255 0 0.10046567439479
188 255 0 0.097397141580729
189 255 0 0.094464224405963
189 255 0 0.094061329750063
189 255 0 0.090774418751775
190 255 0 0.088652761213089
190 255 0 0.087536615073212
191 255 0 0.084348905310514
191 255 0 0.082999817843204
192 255 0 0.081213900830358
192 255 0 0.078133191358896
192 255 0 0.077514976210204
193 255 0 0.07510822494521
194 255 0 0.072206487784069
194 255 0 0.072139522431381
194 255 0 0.069229870190207
195 255 0 0.067081257841169
195 255 0 0.066378742146376
196 255 0 0.063587851843926
196 255 0 0.062144879067144
196 255 0 0.060857990060843
197 255 0 0.058189822799736
197 255 0 0.057401674064099
198 255 0 0.055583197971672
199 255 0 0.053039951246166
199 255 0 0.052854745776721
199 255 0 0.050559016854098
200 255 0 0.048506034826306
200 255 0 0.048141293192428
201 255 0 0.045786242262814
201 255 0 0.044356382729294
201 255 0 0.043495128059282
202 255 0 0.041267192406116
202 255 0 0.040405599978562
203 255 0 0.039101654068816
203 255 0 0.036998824502834
204 255 0 0.036652537980413
204 255 0 0.034958320237611
205 255 0 0.03309516386712
205 255 0 0.032979147812859
205 255 0 0.031061831992808
206 255 0 0.029730637242465
206 255 0 0.02920471732264
207 255 0 0.0274081206718
207 255 0 0.026555387964933
208 255 0 0.025670316418514
208 255 0 0.023990539253254
208 255 0 0.023565194128414
209 255 0 0.022368829155563
210 255 0 0.020803387682044
210 255 0 0.02075525946201
210 255 0 0.019294092693391
211 255 0 0.018120289437477
211 255 0 0.017839116259357
212 255 0 0.016437824390839
212 255 0 0.015654565444015
212 255 0 0.015088772882848
213 255 0 0.013791574387648
213 255 0 0.013352016465891
214 255 0 0.012544384170803
214 255 0 0.011346707631298
215 255 0 0.01120628778136
215 255 0 0.010196710689127
216 255 0 0.009210806298267
216 255 0 0.009093227778208
217 255 0 0.008035638188565
217 255 0 0.007358842264918
217 255 0 0.007022410239313
218 255 0 0.006052055116388
218 255 0 0.00564356726287
219 255 0 0.005123615029649
219 255 0 0.004235851672115
219 255 0 0.004058108622885
220 255 0 0.003387530255105
221 255 0 0.002595600722066
221 255 0 0.002577206229603
221 255 0 0.001804094303762
222 255 0 0.001249234009311
222 255 0 0.001066563996132
223 255 0 0.000363630180451
223 255 0 1.23030051525291e-05
223 255 0 -0.000305891053166
224 255 0 -0.000943163318859
224 255 0 -0.001121745216049
225 255 0 -0.001549488893822
225 255 0 -0.002125809122165
225 255 0 -0.002159260676595
226 255 0 -0.002673069578309
227 255 0 -0.003106337728601
227 255 0 -0.003192624386452
227 255 0 -0.003685475136363
228 255 0 -0.003968761183278
228 255 0 -0.004152342806701
229 255 0 -0.004594427148051
229 255 0 -0.004751955674152
229 255 0 -0.005012394632078
230 255 0 -0.005407334932851
230 255 0 -0.00546094648859
231 255 0 -0.005779952514344
231 255 0 -0.006100343937155
231 255 0 -0.006131119476947
232 255 0 -0.006461388759036
233 255 0 -0.006674365458745
233 255 0 -0.006771648553477
234 255 0 -0.007062490863205
234 255 0 -0.007186907993328
234 255 0 -0.007334582352776
235 255 0 -0.007588583023825
235 255 0 -0.00764167590156
236 255 0 -0.007825156734167
236 255 0 -0.008042356511744
236 255 0 -0.008045041002297
237 255 0 -0.008248825082545
237 255 0 -0.00839281841177
238 255 0 -0.008437364876363
238 255 0 -0.008611395512468
239 255 0 -0.00869729191256
239 255 0 -0.008771759760729
240 255 0 -0.008919390531639
240 255 0 -0.008960483343063
240 255 0 -0.009055151845348
241 255 0 -0.009180101880867
241 255 0 -0.009187580452056
242 255 0 -0.00929521632021
242 255 0 -0.00938412627267
242 255 0 -0.009401522042341
243 255 0 -0.009500065375655
243 255 0 -0.009555768558705
244 255 0 -0.009591786914264
244 255 0 -0.009677681509908
244 255 0 -0.009707922240493
245 255 0 -0.009758598966693
246 255 0 -0.00983532538402
246 255 0 -0.009845403931066
246 255 0 -0.009908540786612
247 255 0 -0.009972104754415
247 255 0 -0.009978806779387
248 255 0 -0.01004657622473
248 255 0 -0.010090760369684
248 255 0 -0.010112117940372
249 255 0 -0.010175645227035
249 255 0 -0.010202858618589
250 255 0 -0.010237197668908
250 255 0 -0.010296740071046
250 255 0 -0.010308700530322
251 255 0 -0.010354096571913
252 255 0 -0.010407603712588
252 255 0 -0.010409080468683
252 255 0 -0.01046139162177
253 255 0 -0.010498212110865
253 255 0 -0.010510756279165
254 255 0 -0.010556859736738
254 255 0 -0.010578856764107
254 255 0 -0.010599374094546
255 254 0 -0.010638035202377
255 254 0 -0.010647903085214
255 253 0 -0.010672613747184
255 253 0 -0.010702908426987
255 253 0 -0.01070402490585
255 252 0 -0.010728781368622
255 251 0 -0.010746364128506
255 251 0 -0.01075014749022
255 251 0 -0.010766970856801
255 250 0 -0.010774562528386
255 250 0 -0.01077926063269
255 249 0 -0.010787051332145
255 249 0 -0.010788680630614
255 248 0 -0.010790404991368
255 248 0 -0.010789394472796
255 248 0 -0.010789039183866
255 247 0 -0.010784091932075
255 246 0 -0.01077602671191
255 246 0 -0.010774557926899
255 246 0 -0.010760827371372
255 245 0 -0.010749912280327
255 245 0 -0.010742911668477
255 244 0 -0.010720783552365
255 244 0 -0.010710690309168
255 243 0 -0.01069437382544
255 243 0 -0.010663567452987
255 243 0 -0.010657969657031
255 242 0 -0.010628190874914
255 241 0 -0.010590906832063
255 241 0 -0.010588049871792
255 241 0 -0.010542858929424
255 240 0 -0.010508175303217
255 240 0 -0.010492313781813
255 239 0 -0.01043604991744
255 239 0 -0.010407959614263
255 238 0 -0.010373635771959
255 238 0 -0.010304642321925
255 237 0 -0.010287963184172
255 237 0 -0.010228521672294
255 236 0 -0.010145420774127
255 236 0 -0.010144733421756
255 235 0 -0.010052672668475
255 235 0 -0.009977109310644
255 235 0 -0.009951687886166
255 234 0 -0.009841049977379
255 234 0 -0.009779353257956
255 233 0 -0.009720073304279
255 233 0 -0.009587899965477
255 232 0 -0.009548022683153
255 232 0 -0.009443719786055
255 231 0 -0.009286642394583
255 231 0 -0.009278523532702
255 230 0 -0.009115726633507
255 230 0 -0.008965780574115
255 230 0 -0.008929927634884
255 229 0 -0.008728298384834
255 229 0 -0.008604214113086
255 228 0 -0.008509628061663
255 227 0 -0.00827280901597
255 227 0 -0.008187712089262
255 227 0 -0.008016622280008
255 226 0 -0.007739711074829
255 226 0 -0.007709599530348
255 225 0 -0.007440881840681
255 225 0 -0.007162607598911
255 225 0 -0.007118566658495
255 224 0 -0.006771369444177
255 223 0 -0.006538844569406
255 223 0 -0.006397749518406
255 222 0 -0.005996097772291
255 222 0 -0.005829770999784
255 222 0 -0.005564735748358
255 221 0 -0.005101785982897
255 221 0 -0.005026181111887
255 220 0 -0.004605540489144
255 219 0 -0.004118191998564
255 219 0 -0.00407410808718
255 219 0 -0.003505528318067
255 218 0 -0.003095241791171
255 218 0 -0.002897770172941
255 217 0 -0.002248735035469
255 217 0 -0.001946097422814
255 216 0 -0.00155606366556
255 216 0 -0.000817690965696
255 216 0 -0.000658872185291
255 215 0 -3.13188153722238e-05
255 214 0 0.00077894703758
255 214 0 0.000805412285539
255 213 0 0.001694922195829
255 213 0 0.002380463133651
255 213 0 0.002639947577166
255 212 0 0.003642510205811
255 212 0 0.004159322986689
255 211 0 0.004705729035517
255 210 0 0.005831970135697
255 210 0 0.006129662671688
255 210 0 0.007023901710067
255 209 0 0.008284579172443
255 209 0 0.008306043482162
255 208 0 0.009616066181303
255 208 0 0.010703378365093
255 207 0 0.011021848328785
255 207 0 0.012504369364715
255 206 0 0.013336848081532
255 206 0 0.014066440302433
255 205 0 0.015710880006833
255 205 0 0.016221806236085
255 204 0 0.017440514036346
255 204 0 0.019258662705848
255 204 0 0.019373672265152
255 203 0 0.021167685496076
255 202 0 0.022807811560055
255 202 0 0.023170375935747
255 201 0 0.025269499300239
255 201 0 0.026539402124494
255 201 0 0.027467787401226
255 200 0 0.029767923641909
255 200 0 0.030583287506632
255 199 0 0.032173196585728
255 198 0 0.034685568758183
255 198 0 0.034953816173816
255 198 0 0.037307526459821
255 197 0 0.039664667977091
255 197 0 0.040041471649622
255 196 0 0.042889706147141
255 196 0 0.044728668848835
255 195 0 0.045855233784155
255 195 0 0.048938529318863
255 194 0 0.05015759536089
255 194 0 0.052143184720698
255 193 0 0.055470172880669
255 193 0 0.055961971220806
255 192 0 0.05892112381467
255 192 0 0.062150858186015
255 192 0 0.062498466988266
255 191 0 0.066201551050116
255 190 0 0.068731644222967
255 190 0 0.070033438281063
255 189 0 0.073994012394693
255 189 0 0.075709832027853
255 188 0 0.078083912596286
255 188 0 0.082303543550584
255 188 0 0.083088831258448
255 187 0 0.086653063779348
255 186 0 0.09086975800424
255 186 0 0.091133593335847
255 185 0 0.095742362254629
255 185 0 0.099051245146315
255 185 0 0.100481197416753
255 184 0 0.105347948408707
255 183 0 0.107629267329514
255 183 0 0.110342736200201
255 182 0 0.115461351074411
255 182 0 0.1165969842867
255 182 0 0.120704684633332
255 181 0 0.125944606216448
255 181 0 0.126067760602975
255 180 0 0.131550965534958
255 179 0 0.135659284818142
255 179 0 0.137150053677203
255 178 0 0.14286341771803
255 178 0 0.145725033429249
255 178 0 0.148684504279236
255 177 0 0.154612614855589
255 177 0 0.156122679485394
255 176 0 0.160640411200257
255 175 0 0.166766632510047
255 175 0 0.166829852232397
255 174 0 0.172984852234791
255 174 0 0.177821008259457
255 174 0 0.179291621541653
255 173 0 0.185678089571419
255 172 0 0.189067496994682
255 172 0 0.192141893502511
255 171 0 0.198675243387084
255 171 0 0.200537667809736
255 171 0 0.205271747409246
255 170 0 0.211924739752897
255 170 0 0.212197019823813
255 169 0 0.218627285220237
255 168 0 0.224008394884144
255 168 0 0.225372184857971
255 167 0 0.232153833216915
255 167 0 0.235932213538357
255 167 0 0.238962762798161
255 166 0 0.245791116999744
255 166 0 0.247926753113227
255 165 0 0.252630847458687
255 164 0 0.25947374741378
255 164 0 0.259948466285669
255 163 0 0.266313301522985
255 163 0 0.27195233778816
255 163 0 0.273139209517629
255 162 0 0.279942913853004
255 161 0 0.283892276146153
255 161 0 0.286715792617633
255 160 0 0.293449186291778
255 160 0 0.295721536614129
255 159 0 0.300134425301499
255 159 0 0.306764624968221
255 159 0 0.307393170775555
255 158 0 0.313327628840397
255 157 0 0.318860497615209
255 157 0 0.319818419030458
255 156 0 0.326226802716862
255 156 0 0.330077590276126
255 155 0 0.332544481238882
255 155 0 0.338764983912619
255 154 0 0.340999772192076
255 154 0 0.344877042076683
255 153 0 0.350876223170126
255 153 0 0.351584115854177
255 152 0 0.356753415991494
255 151 0 0.36178993713951
255 151 0 0.362501446825955
255 150 0 0.368113451522782
255 150 0 0.371579277911498
255 150 0 0.373584357017288
255 149 0 0.378905075324561
255 149 0 0.380917369506331
255 148 0 0.384072686535085
255 147 0 0.389080392997435
255 147 0 0.389773069755864
255 146 0 0.393923280421098
255 146 0 0.398119266375851
255 146 0 0.398596895072259
255 145 0 0.403098446323791
255 144 0 0.405933239884269
255 144 0 0.407422046452344
255 143 0 0.411567050146064
255 143 0 0.413196979736157
255 142 0 0.415529846578373
255 141 0 0.419308543088046
255 141 0 0.419897448120551
255 141 0 0.422901806912014
255 140 0 0.426026786953922
255 140 0 0.42630974827634
255 139 0 0.429530336280583
255 138 0 0.431582465169278
255 138 0 0.432565662585353
255 137 0 0.435415779975219
255 137 0 0.436567365641579
255 136 0 0.438082203379332
255 136 0 0.440567665643821
255 135 0 0.440989814220438
255 135 0 0.442873498297484
255 134 0 0.444863557458623
255 134 0 0.445004164849963
255 133 0 0.446962317172879
255 133 0 0.448207700465309
255 132 0 0.44875335208384
255 131 0 0.450382039528444
255 131 0 0.451046620873744
255 131 0 0.451852956261129
255 130 0 0.453172548422196
255 130 0 0.453409877038851
255 129 0 0.454347636600864
255 128 0 0.455332124756479
255 128 0 0.45538490944611
255 127 0 0.456291958335169
255 127 0 0.456853042560404
255 126 0 0.457076895098207
255 125 0 0.457748346415548
255 125 0 0.458017237089869
255 125 0 0.45831557552323
255 124 0 0.45878788460232
255 124 0 0.458874056548178
255 123 0 0.459175578190609
255 122 0 0.459477188246563
255 122 0 0.459488967704981
255 121 0 0.45973883053928
255 121 0 0.459883871818003
255 120 0 0.459936228661788
255 119 0 0.460092196329641
255 119 0 0.460153548555834
255 119 0 0.460217943382816
255 118 0 0.460324368802769
255 118 0 0.460345818620298
255 117 0 0.460422050210115
255 116 0 0.460517711725712
255 116 0 0.460520997637726
255 115 0 0.460630450441129
255 114 0 0.460720488535975
255 114 0 0.460758720137016
255 113 0 0.460912876459087
255 113 0 0.460996436989618
255 112 0 0.461098871206416
255 112 0 0.461321184692314
255 111 0 0.461376330473478
255 111 0 0.461582966814659
255 110 0 0.461878275866339
255 110 0 0.461886144365033
255 109 0 0.462231222563067
255 108 0 0.462508521670873
255 108 0 0.462618090557638
255 107 0 0.463045678180305
255 107 0 0.46326440526164
255 106 0 0.463512636857859
255 105 0 0.46401760098685
255 105 0 0.46413906929449
255 104 0 0.464559534740835
255 104 0 0.465127028551962
255 104 0 0.46513820907586
255 103 0 0.465753835970163
255 102 0 0.466229311873692
255 102 0 0.466408358028239
255 101 0 0.467104410521365
255 100 0 0.467456890661985
255 100 0 0.467846156807644
255 99 0 0.46863820368417
255 99 0 0.468831477626221
255 98 0 0.469486574630901
255 97 0 0.470383440369926
255 97 0 0.470397889214547
255 96 0 0.471378494823989
255 96 0 0.472147318115728
255 95 0 0.47243477589926
255 95 0 0.473572568359865
255 94 0 0.474156018257111
255 94 0 0.47479681411389
255 93 0 0.47611163323481
255 92 0 0.476435024330184
255 92 0 0.47751906091224
255 91 0 0.478997815025375
255 91 0 0.479019884385015
255 90 0 0.48061325969413
255 89 0 0.481843256837857
255 89 0 0.482296715740868
255 88 0 0.48406622495257
255 88 0 0.484955163391173
255 87 0 0.485916831771679
255 86 0 0.487840815149265
255 86 0 0.488303700962169
255 85 0 0.489831381952493
255 84 0 0.491847997802511
255 84 0 0.491879313991699
255 83 0 0.493975195125637
255 83 0 0.495539230688664
255 82 0 0.496109659113055
255 81 0 0.498271256253061
255 81 0 0.499323577400086
255 80 0 0.500450596003955
255 80 0 0.502636434095926
255 79 0 0.503144650196769
255 79 0 0.504818064573732
255 78 0 0.506945267722486
255 78 0 0.506984815874006
255 77 0 0.509126094479355
255 76 0 0.510668612010762
255 76 0 0.511231980487581
255 75 0 0.513291015848191
255 74 0 0.514258923604868
255 74 0 0.515294126370394
255 73 0 0.517230760087564
255 73 0 0.517661915942177
255 72 0 0.519091118474524
255 71 0 0.520825064752926
255 71 0 0.520866077593978
255 70 0 0.522545332900602
255 69 0 0.523697878397612
255 69 0 0.524120670458281
255 68 0 0.525582788933349
255 67 0 0.526232203848099
255 67 0 0.526923142915778
255 66 0 0.528133504310287
255 66 0 0.528382583330608
255 65 0 0.529205991705332
255 64 0 0.530106652292597
255 64 0 0.53013331912763
255 63 0 0.530908061396595
255 62 0 0.531365558340802
255 62 0 0.531523376491609
255 61 0 0.531973342206336
255 60 0 0.532124378805771
255 60 0 0.532252042290585
255 59 0 0.53235403891266
255 58 0 0.532352517361792
255 58 0 0.532274655164076
255 57 0 0.532024064585797
255 57 0 0.532009554057741
255 56 0 0.531555038235991
255 55 0 0.53111811172825
255 54 0 0.530907979349536
255 53 0 0.530065827936609
255 53 0 0.529619010575396
255 52 0 0.529026624404026
255 51 0 0.527788651677372
255 51 0 0.527516574995516
255 50 0 0.526351813473065
255 49 0 0.524806221740179
255 49 0 0.524715197940545
255 48 0 0.522879629740121
255 47 0 0.521489049533895
255 47 0 0.520846187270442
255 46 0 0.518615943589757
255 45 0 0.517571856617681
255 45 0 0.516192382719253
255 44 0 0.513577116450989
255 43 0 0.513067097839866
255 42 0 0.51077502730933
255 41 0 0.507992783184959
255 41 0 0.507788700515526
255 40 0 0.504622640009493
255 39 0 0.502372320335384
255 39 0 0.501283738424234
255 38 0 0.497776926440427
255 37 0 0.49623430448718
255 37 0 0.494107476477488
255 36 0 0.490283084588508
255 35 0 0.489612259193271
255 34 0 0.486311025421984
255 33 0 0.482544332486062
255 33 0 0.482199033706281
255 32 0 0.477955288083516
255 31 0 0.475072952932328
255 31 0 0.473588385543244
255 30 0 0.469106109396428
255 29 0 0.467244450595418
255 28 0 0.464518969234289
255 27 0 0.459836675455014
255 27 0 0.459108648121169
255 26 0 0.455069243937881
255 25 0 0.450718427324044
255 25 0 0.450226984254138
255 23 0 0.445319141280575
255 22 0 0.442129276730102
255 22 0 0.440359120794281
255 21 0 0.435355280483189
255 20 0 0.433398825534992
255 19 0 0.430320095965823
255 18 0 0.425264876004165
255 18 0 0.424586369361998
255 17 0 0.420201037440989
255 15 0 0.415752393061159
255 15 0 0.415140077996887
255 14 0 0.410092207610845
255 13 0 0.406958095581142
255 12 0 0.405070355077579
255 11 0 0.400086096488291
255 10 0 0.39826492167689
255 9 0 0.395150974474009
255 7 0 0.390276468722586
255 7 0 0.389734104895065
255 6 0 0.385473977732627
255 4 0 0.381426225913305
255 4 0 0.380753537075022
255 1 0 0.376127582831876
255 0 0 0.373400789906201
254 0 0 0.371608293419988
254 0 0 0.367204059434298
254 0 0 0.365715826178951
254 0 0 0.362925573012947
253 0 0 0.358785467620316
253 0 0 0.358427512856867
253 0 0 0.354791658411699
253 0 0 0.351589828953821
253 0 0 0.350956110332747
253 0 0 0.347286334639631
252 0 0 0.345254235673169
252 0 0 0.343792623571643
252 0 0 0.340483903509198
252 0 0 0.339469388328429
252 0 0 0.337367961221152
251 0 0 0.33445469087887
251 0 0 0.334280879815465
251 0 0 0.331750419902965
251 0 0 0.329731016129585
251 0 0 0.329263451115288
250 0 0 0.32700089773631
250 0 0 0.325858624006172
250 0 0 0.324969479438451
250 0 0 0.323175508199969
250 0 0 0.32269889037724
249 0 0 0.321624885210889
249 0 0 0.320322780853457
249 0 0 0.320283232983482
249 0 0 0.319274704860174
249 0 0 0.318639201165264
248 0 0 0.31848529447839
248 0 0 0.317958755542435
248 0 0 0.317790405579808
248 0 0 0.317698862501953
247 0 0 0.317708994236604
247 0 0 0.317756475356994
247 0 0 0.317992052397054
247 0 0 0.318550661484447
247 0 0 0.318553041014181
247 0 0 0.319386824780459
246 0 0 0.320191741301177
246 0 0 0.320502153867591
246 0 0 0.321897832612504
246 0 0 0.322680252039436
246 0 0 0.323575103365176
245 0 0 0.325533414941258
245 0 0 0.326022334953404
245 0 0 0.327773731483703
245 0 0 0.330217904464586
245 0 0 0.330295083612669
244 0 0 0.333096581100741
244 0 0 0.335263110427808
244 0 0 0.336176931385785
244 0 0 0.339534453553019
244 0 0 0.341150434831108
243 0 0 0.343168083143019
243 0 0 0.34707451577782
243 0 0 0.347868800552253
243 0 0 0.351250938274628
242 0 0 0.355403690362043
242 0 0 0.355694170304917
242 0 0 0.360400677261232
242 0 0 0.363737274483448
242 0 0 0.365366585439411
241 0 0 0.370589097890233
241 0 0 0.372848545151775
241 0 0 0.376060899570198
241 0 0 0.381780031838686
241 0 0 0.38271345677047
241 0 0 0.387739900763915
240 0 0 0.393305070415352
240 0 0 0.393935031282667
240 0 0 0.400361392034993
240 0 0 0.404593701603363
240 0 0 0.407009523654263
239 0 0 0.413876630690997
239 0 0 0.416547070405869
239 0 0 0.420952484683245
239 0 0 0.428234000884855
239 0 0 0.429130453148251
238 0 0 0.43571224675008
238 0 0 0.442306835092986
238 0 0 0.443381957961153
238 0 0 0.451231516112974
237 0 0 0.456037063650257
237 0 0 0.459257328986167
237 0 0 0.467449359311318
237 0 0 0.470280001795525
237 0 0 0.475797211677631
236 0 0 0.484296956303389
236 0 0 0.484992681495352
236 0 0 0.492940185609425
236 0 0 0.500130457049551
236 0 0 0.501713612297315
235 0 0 0.510613029955408
235 0 0 0.515647158347897
235 0 0 0.519624713476826
235 0 0 0.52874429637572
235 0 0 0.531495244112841
235 0 0 0.537960125360982
234 0 0 0.547262803417241
234 0 0 0.547625955254724
234 0 0 0.556645320721282
234 0 0 0.563989468503913
234 0 0 0.566093094184806
233 0 0 0.57560143640547
233 0 0 0.580535050504302
233 0 0 0.585158057743183
233 0 0 0.594753106966668
233 0 0 0.597211212556379
232 0 0 0.604376672040373
232 0 0 0.613965866185901
232 0 0 0.614018777353297
232 0 0 0.623671981526192
231 0 0 0.630746479687685
231 0 0 0.633321117617613
231 0 0 0.642961243378689
231 0 0 0.647500235754558
231 0 0 0.652579715952357
230 0 0 0.66216645414597
230 0 0 0.664174190250477
230 0 0 0.671711381587478
230 0 0 0.680715432126652
230 0 0 0.681206961621281
229 0 0 0.690638132165911
229 0 0 0.697071244411029
229 0 0 0.699999902222031
229 0 0 0.709279821131944
229 0 0 0.713189266127871
228 0 0 0.718468006484414
228 0 0 0.727554650146581
228 0 0 0.729017654926187
228 0 0 0.736532375311338
227 0 0 0.744505250116193
227 0 0 0.745386787164193
227 0 0 0.754113033093239
227 0 0 0.759601735733191
227 0 0 0.762699319033778
226 0 0 0.771136324069425
226 0 0 0.774257803170307
226 0 0 0.779414874047482
226 0 0 0.787525922405524
226 0 0 0.788425312846902
226 0 0 0.795462666613548
225 0 0 0.802057454309856
225 0 0 0.803212172480273
225 0 0 0.810769984217139
225 0 0 0.815108904101757
225 0 0 0.818125652624203
224 0 0 0.825270987736653
224 0 0 0.82753598067434
224 0 0 0.832199808618031
224 0 0 0.838900669251985
224 0 0 0.839296795578563
223 0 0 0.845369558106708
223 0 0 0.85035140012548
223 0 0 0.8515957202781
223 0 0 0.857575358099388
222 0 0 0.86066192668481
222 0 0 0.863299939141764
222 0 0 0.868764279047377
222 0 0 0.87019272377196
222 0 0 0.873959142882361
221 0 0 0.878879947208143
221 0 0 0.878910484068964
221 0 0 0.883522092448926
221 0 0 0.886784364530999
221 0 0 0.887878729363205
220 0 0 0.89194463262338
220 0 0 0.893786097747352
220 0 0 0.895714880641166
220 0 0 0.899185727042102
220 0 0 0.899890093754216
219 0 0 0.902351017688395
219 0 0 0.905073531535655
219 0 0 0.905208426372696
219 0 0 0.907752753879262
218 0 0 0.909316439498386
218 0 0 0.909981981090794
218 0 0 0.911892818646964
218 0 0 0.912601764264855
218 0 0 0.913481540459883
217 0 0 0.914746317206248
217 0 0 0.914915427196743
217 0 0 0.915685308252127
217 0 0 0.916246368136599
217 0 0 0.916296424428501
216 0 0 0.916578262187254
216 0 0 0.916586575938005
216 0 0 0.916529879677007
216 0 0 0.916150488270971
216 0 0 0.915931105443286
215 0 0 0.915439761298164
215 0 0 0.914397360601348
215 0 0 0.914278080661371
215 0 0 0.91302415487098
215 0 0 0.911628683995855
214 0 0 0.911320069698944
214 0 0 0.909286412230147
214 0 0 0.907987131473369
214 0 0 0.906924497288192
213 0 0 0.904235215370893
213 0 0 0.903360634024069
213 0 0 0.901221957580042
213 0 0 0.897885415221924
213 0 0 0.897759344968003
212 0 0 0.894228946579622
212 0 0 0.891196293962451
212 0 0 0.890256556407231
212 0 0 0.885968184541177
212 0 0 0.883687307764726
212 0 0 0.881370621774259
211 0 0 0.876466581257207
211 0 0 0.875250918261458
211 0 0 0.871258736312167
211 0 0 0.865908258307956
211 0 0 0.865754207303407
210 0 0 0.85995472126452
210 0 0 0.855682946009052
210 0 0 0.853866591382853
210 0 0 0.847493253758691
209 0 0 0.844600958154736
209 0 0 0.840843470829096
209 0 0 0.833921222068949
209 0 0 0.832690493599479
209 0 0 0.826730432508235
208 0 0 0.819981827442407
208 0 0 0.819278963254183
208 0 0 0.811573095322902
208 0 0 0.806507156925876
208 0 0 0.803619304328182
207 0 0 0.795424238979546
207 0 0 0.79230044002219
207 0 0 0.78699247294577
207 0 0 0.778335456492771
207 0 0 0.777397227721576
206 0 0 0.769455750953282
206 0 0 0.761834491068824
206 0 0 0.760362902830236
206 0 0 0.751064324590765
205 0 0 0.745650444021121
205 0 0 0.741567544714681
205 0 0 0.731877612249861
205 0 0 0.728884363215436
205 0 0 0.722007372965163
204 0 0 0.711959418152344
204 0 0 0.711576405740076
204 0 0 0.701744222143576
204 0 0 0.69376742600235
204 0 0 0.691369719999797
203 0 0 0.680843892357484
203 0 0 0.675498792772483
203 0 0 0.67017476779994
203 0 0 0.659367508483794
203 0 0 0.656812207463153
202 0 0 0.648435886312048
202 0 0 0.637749524675294
202 0 0 0.637382175459818
202 0 0 0.626217305067502
201 0 0 0.618352576003838
201 0 0 0.614949292156784
201 0 0 0.603586135351127
201 0 0 0.598662998052828
201 0 0 0.592135789987946
200 0 0 0.58060308854777
200 0 0 0.578722065558308
200 0 0 0.568998887106856
200 0 0 0.558570530460211
200 0 0 0.557330950687781
199 0 0 0.545606960894316
199 0 0 0.538248467701639
199 0 0 0.533834506613675
199 0 0 0.522021075020323
198 0 0 0.517795128466575
198 0 0 0.510174042893777
198 0 0 0.498297525951545
198 0 0 0.497248801495631
198 0 0 0.486401794610662
197 0 0 0.476646683044529
197 0 0 0.474493846031277
197 0 0 0.462580535427957
197 0 0 0.456024755973019
197 0 0 0.450668584586312
196 0 0 0.438761399209549
196 0 0 0.435417678372947
196 0 0 0.426871668412084
196 0 0 0.414999336493687
196 0 0 0.414858682064411
195 0 0 0.403153606955009
195 0 0 0.394379481208936
195 0 0 0.391340364963115
195 0 0 0.379565297347671
194 0 0 0.374010191209168
194 0 0 0.367833918946831
194 0 0 0.356148472876056
194 0 0 0.353779257986468
194 0 0 0.34452024843811
193 0 0 0.333713397651314
193 0 0 0.332948038135989
193 0 0 0.321439645953882
193 0 0 0.313837546507911
193 0 0 0.309999597178956
192 0 0 0.298632211720464
192 0 0 0.29417482126342
192 0 0 0.287338634802073
192 0 0 0.276128728024622
191 0 0 0.274746489245348
191 0 0 0.265000270228039
191 0 0 0.255571948367409
191 0 0 0.253959726721199
191 0 0 0.243010365638987
190 0 0 0.236668716525586
190 0 0 0.232155263836049
190 0 0 0.221397269419472
190 0 0 0.21805243005225
189 0 0 0.21073624278629
189 0 0 0.200180236493133
189 0 0 0.199736850807245
189 0 0 0.189725922372077
189 0 0 0.181733881441431
188 0 0 0.179378131504862
188 0 0 0.169138680688957
188 0 0 0.164053588329626
188 0 0 0.159009198573673
187 0 0 0.148988483791456
187 0 0 0.146704231637457
187 0 0 0.139083046965609
187 0 0 0.129692301958998
187 0 0 0.12928870023667
186 0 0 0.119608913941021
186 0 0 0.113022562940429
186 0 0 0.110044344242915
186 0 0 0.100595462779475
186 0 0 0.09669809928831
185 0 0 0.09126256019459
185 0 0 0.08204333197462
185 0 0 0.080720369549804
185 0 0 0.072942584278486
184 0 0 0.065089263045831
184 0 0 0.063955286029597
184 0 0 0.055083451771443
184 0 0 0.049803160336657
184 0 0 0.046326532136903
183 0 0 0.037683805285658
183 0 0 0.034858996602417
183 0 0 0.029154411484739
183 0 0 0.020735124488712
183 0 0 0.020252327328146
182 0 0 0.012427049516555
182 0 0 0.005977395694137
182 0 0 0.004231031175688
182 0 0 -0.003858681846536
