0.2980392156862745 0.0 0.8392156862745098 -0.051643760142659
0.2980392156862745 0.0 0.8392156862745098 -0.033364929211879
0.29411764705882354 0.0 0.8431372549019608 -0.01339382258113
0.29411764705882354 0.0 0.8431372549019608 -0.012865395696583
0.29411764705882354 0.0 0.8470588235294118 0.006844508197025
0.2901960784313726 0.0 0.8470588235294118 0.02218960881041
0.2901960784313726 0.0 0.8470588235294118 0.025770776837278
0.28627450980392155 0.0 0.8509803921568627 0.043916796022619
0.28627450980392155 0.0 0.8509803921568627 0.055145473750332
0.28627450980392155 0.0 0.8509803921568627 0.061288754237136
0.2823529411764706 0.0 0.8549019607843137 0.077895302699924
0.2823529411764706 0.0 0.8549019607843137 0.08551245342234
0.2784313725490196 0.0 0.8549019607843137 0.093740682541647
0.2784313725490196 0.0 0.8588235294117647 0.10883208697114
0.2784313725490196 0.0 0.8588235294117647 0.113332370970309
0.27450980392156865 0.0 0.8588235294117647 0.123179247005152
0.27058823529411763 0.0 0.8627450980392157 0.13679032054854
0.27058823529411763 0.0 0.8627450980392157 0.138652920058561
0.27058823529411763 0.0 0.8627450980392157 0.149672465741207
0.26666666666666666 0.0 0.8666666666666667 0.161529710383361
0.26666666666666666 0.0 0.8666666666666667 0.161835738570223
0.2627450980392157 0.0 0.8666666666666667 0.173292611204022
0.2627450980392157 0.0 0.8705882352941177 0.182027635873768
0.2627450980392157 0.0 0.8705882352941177 0.184053141821858
0.25882352941176473 0.0 0.8745098039215686 0.1941300437211
0.25882352941176473 0.0 0.8745098039215686 0.200221591810091
0.2549019607843137 0.0 0.8745098039215686 0.203538212241947
0.2549019607843137 0.0 0.8784313725490196 0.212290693918512
0.25098039215686274 0.0 0.8784313725490196 0.216196588485801
0.25098039215686274 0.0 0.8784313725490196 0.220403932705126
0.24705882352941178 0.0 0.8823529411764706 0.227892842674618
0.24705882352941178 0.0 0.8823529411764706 0.230047328820777
0.24313725490196078 0.0 0.8823529411764706 0.234775271394729
0.24313725490196078 0.0 0.8862745098039215 0.241067765046569
0.23921568627450981 0.0 0.8862745098039215 0.241877333423955
0.23921568627450981 0.0 0.8862745098039215 0.246788586606912
0.23529411764705882 0.0 0.8901960784313725 0.251797707553037
0.23529411764705882 0.0 0.8901960784313725 0.251957238415767
0.23137254901960785 0.0 0.8901960784313725 0.256592175917825
0.23137254901960785 0.0 0.8941176470588236 0.259925649494994
0.22745098039215686 0.0 0.8941176470588236 0.260713633142441
0.22745098039215686 0.0 0.8941176470588236 0.264340936152759
0.2235294117647059 0.0 0.8980392156862745 0.266382799067952
0.2235294117647059 0.0 0.8980392156862745 0.267494723155556
0.2196078431372549 0.0 0.9019607843137255 0.27019484009702
0.2196078431372549 0.0 0.9019607843137255 0.271293518806519
0.21568627450980393 0.0 0.9019607843137255 0.272461728629756
0.21176470588235294 0.0 0.9058823529411765 0.27431604262316
0.21176470588235294 0.0 0.9058823529411765 0.274783189970871
0.20784313725490197 0.0 0.9058823529411765 0.275777774425381
0.20784313725490197 0.0 0.9098039215686274 0.276867219673055
0.20784313725490197 0.0 0.9098039215686274 0.276976592107174
0.20392156862745098 0.0 0.9098039215686274 0.277604090889705
0.2 0.0 0.9137254901960784 0.2779964198466
0.2 0.0 0.9137254901960784 0.278008034654553
0.19607843137254902 0.0 0.9137254901960784 0.278098335321491
0.19215686274509805 0.0 0.9176470588235294 0.27796197523904
0.19215686274509805 0.0 0.9176470588235294 0.277893809124602
0.18823529411764706 0.0 0.9176470588235294 0.277412814318818
0.18823529411764706 0.0 0.9215686274509803 0.276988059250091
0.1843137254901961 0.0 0.9215686274509803 0.276673319817538
0.1803921568627451 0.0 0.9215686274509803 0.275692606316045
0.1803921568627451 0.0 0.9254901960784314 0.275184072913315
0.17647058823529413 0.0 0.9254901960784314 0.274487643888217
0.17647058823529413 0.0 0.9254901960784314 0.273074738972924
0.17254901960784313 0.0 0.9294117647058824 0.272653327544468
0.17254901960784313 0.0 0.9294117647058824 0.271469360336565
0.16862745098039217 0.0 0.9294117647058824 0.269686791642032
0.16862745098039217 0.0 0.9333333333333333 0.269492554641345
0.16470588235294117 0.0 0.9333333333333333 0.267741229088156
0.1607843137254902 0.0 0.9372549019607843 0.265791599635536
0.1607843137254902 0.0 0.9372549019607843 0.265646762137325
0.1568627450980392 0.0 0.9372549019607843 0.263416615834674
0.15294117647058825 0.0 0.9372549019607843 0.261633279381468
0.15294117647058825 0.0 0.9411764705882353 0.261063049473053
0.14901960784313725 0.0 0.9411764705882353 0.258597990576178
0.1450980392156863 0.0 0.9411764705882353 0.257093380898864
0.1450980392156863 0.0 0.9450980392156862 0.256033487712082
0.1411764705882353 0.0 0.9450980392156862 0.25337920549361
0.13725490196078433 0.0 0.9450980392156862 0.252240778099487
0.13333333333333333 0.0 0.9490196078431372 0.250646401731174
0.12941176470588237 0.0 0.9490196078431372 0.247843899040438
0.12941176470588237 0.0 0.9490196078431372 0.247137643680315
0.12549019607843137 0.0 0.9529411764705882 0.244981094909796
0.12156862745098039 0.0 0.9529411764705882 0.242066052071108
0.12156862745098039 0.0 0.9529411764705882 0.241839734718629
0.11764705882352941 0.0 0.9568627450980393 0.239106698423789
0.11372549019607843 0.0 0.9568627450980393 0.236396732459209
0.11372549019607843 0.0 0.9568627450980393 0.236111295878992
0.10980392156862745 0.0 0.9607843137254902 0.233085951385449
0.10588235294117647 0.0 0.9607843137254902 0.230852619085613
0.10588235294117647 0.0 0.9607843137254902 0.230037127963399
0.09803921568627451 0.0 0.9647058823529412 0.226971267731544
0.09803921568627451 0.0 0.9647058823529412 0.225246076712404
0.09411764705882353 0.0 0.9647058823529412 0.223893960298375
0.09019607843137255 0.0 0.9686274509803922 0.220809952704331
0.08627450980392157 0.0 0.9686274509803922 0.219610896268381
0.08627450980392157 0.0 0.9686274509803922 0.217724459131269
0.0784313725490196 0.0 0.9725490196078431 0.21464189236524
0.0784313725490196 0.0 0.9725490196078431 0.213976386252543
0.07450980392156863 0.0 0.9764705882352941 0.211565883423703
0.07058823529411765 0.0 0.9764705882352941 0.208500161277632
0.07058823529411765 0.0 0.9764705882352941 0.20836777346273
0.06274509803921569 0.0 0.9803921568627451 0.205448563464772
0.058823529411764705 0.0 0.9803921568627451 0.202806589680771
0.058823529411764705 0.0 0.9803921568627451 0.202414203572617
0.050980392156862744 0.0 0.984313725490196 0.199399907870624
0.047058823529411764 0.0 0.984313725490196 0.197311039930395
0.047058823529411764 0.0 0.984313725490196 0.196407828130489
0.0392156862745098 0.0 0.9882352941176471 0.193440287520236
0.0392156862745098 0.0 0.9882352941176471 0.191896349305663
0.03529411764705882 0.0 0.9882352941176471 0.190499788872828
0.027450980392156862 0.0 0.9921568627450981 0.187588197685161
0.023529411764705882 0.0 0.9921568627450981 0.186575086510403
0.0196078431372549 0.0 0.9921568627450981 0.184706771673714
0.011764705882352941 0.0 0.996078431372549 0.181857388153984
0.011764705882352941 0.0 0.996078431372549 0.181357463173172
0.00392156862745098 0.0 0.996078431372549 0.179041337001192
0.0 0.00784313725490196 1.0 0.176259356827048
0.0 0.00784313725490196 1.0 0.176251608731626
0.0 0.01568627450980392 1.0 0.173512429857753
0.0 0.023529411764705882 1.0 0.171263821240397
0.0 0.027450980392156862 1.0 0.17080177343248
0.0 0.03529411764705882 1.0 0.168128077678592
0.0 0.0392156862745098 1.0 0.166398794873146
0.0 0.043137254901960784 1.0 0.165491909974617
0.0 0.050980392156862744 1.0 0.162893362773283
0.0 0.054901960784313725 1.0 0.161659825186305
0.0 0.054901960784313725 1.0 0.160332799784689
0.0 0.06274509803921569 1.0 0.157810835028104
0.0 0.06666666666666667 1.0 0.157048993411007
0.0 0.07058823529411765 1.0 0.155327624368491
0.0 0.0784313725490196 1.0 0.152882906449096
0.0 0.0784313725490196 1.0 0.152567331160245
0.0 0.08235294117647059 1.0 0.15047702888161
0.0 0.09019607843137255 1.0 0.148214966997211
0.0 0.09019607843137255 1.0 0.148109917465295
0.0 0.09803921568627451 1.0 0.145781115592269
0.0 0.10196078431372549 1.0 0.143991256322261
0.0 0.10196078431372549 1.0 0.143490759741116
0.0 0.10980392156862745 1.0 0.141238289851606
0.0 0.11372549019607843 1.0 0.139894896012013
0.0 0.11372549019607843 1.0 0.139023727459873
0.0 0.12156862745098039 1.0 0.136846430920332
0.0 0.12549019607843137 1.0 0.135924025194503
0.0 0.12549019607843137 1.0 0.134706325527543
0.0 0.13333333333333333 1.0 0.132602989128461
0.0 0.13333333333333333 1.0 0.13207631347695
0.0 0.13725490196078433 1.0 0.130535684136692
0.0 0.1450980392156863 1.0 0.128504218822106
0.0 0.1450980392156863 1.0 0.128349037863909
0.0 0.14901960784313725 1.0 0.126507807924032
0.0 0.15294117647058825 1.0 0.124739149518277
0.0 0.1568627450980392 1.0 0.124546197985986
0.0 0.1607843137254902 1.0 0.122618831544996
0.0 0.16470588235294117 1.0 0.121243331429608
0.0 0.16470588235294117 1.0 0.120724869805991
0.0 0.17254901960784313 1.0 0.11886398851719
0.0 0.17647058823529413 1.0 0.117858047966359
0.0 0.17647058823529413 1.0 0.117035323300719
0.0 0.1843137254901961 1.0 0.115238511391534
0.0 0.1843137254901961 1.0 0.114579587203081
0.0 0.18823529411764706 1.0 0.11347267225049
0.0 0.19215686274509805 1.0 0.111737412214202
0.0 0.19607843137254902 1.0 0.111404096831832
0.0 0.2 1.0 0.110032074186509
0.0 0.20392156862745098 1.0 0.10835576234677
0.0 0.20392156862745098 1.0 0.108327614390095
0.0 0.20784313725490197 1.0 0.106708046063714
0.0 0.21176470588235294 1.0 0.105346092466131
0.0 0.21568627450980393 1.0 0.105088023692257
0.0 0.2196078431372549 1.0 0.10349546485118
0.0 0.2235294117647059 1.0 0.102455419477191
0.0 0.2235294117647059 1.0 0.101929023525963
0.0 0.23137254901960785 1.0 0.100388457405141
0.0 0.23137254901960785 1.0 0.099651436556769
0.0 0.23529411764705882 1.0 0.098873072200757
0.0 0.23921568627450981 1.0 0.097381967996348
0.0 0.23921568627450981 1.0 0.096929951034046
0.0 0.24313725490196078 1.0 0.095914659669728
0.0 0.25098039215686274 1.0 0.094470448394143
0.0 0.25098039215686274 1.0 0.094286746941941
0.0 0.2549019607843137 1.0 0.093048438243117
0.0 0.25882352941176473 1.0 0.09171759294963
0.0 0.25882352941176473 1.0 0.091648130228051
0.0 0.2627450980392157 1.0 0.090268632406168
0.0 0.26666666666666666 1.0 0.089218248080988
0.0 0.27058823529411763 1.0 0.088909437485601
0.0 0.27450980392156865 1.0 0.087569843700463
0.0 0.2784313725490196 1.0 0.086784465552063
0.0 0.2784313725490196 1.0 0.086248965037004
0.0 0.2823529411764706 1.0 0.084946104806273
0.0 0.28627450980392155 1.0 0.084411995038259
0.0 0.2901960784313726 1.0 0.0836609217685
0.0 0.29411764705882354 1.0 0.082392353443807
0.0 0.29411764705882354 1.0 0.082096583665485
0.0 0.2980392156862745 1.0 0.081139702475371
0.0 0.30196078431372547 1.0 0.079902440733898
0.0 0.30196078431372547 1.0 0.079833976008923
0.0 0.3058823529411765 1.0 0.078679863070778
0.0 0.30980392156862746 1.0 0.077619913378388
0.0 0.3137254901960784 1.0 0.077471095471681
0.0 0.3176470588235294 1.0 0.076275602324997
0.0 0.3215686274509804 1.0 0.075450132670459
0.0 0.3215686274509804 1.0 0.075092512395137
0.0 0.3254901960784314 1.0 0.073921285292028
0.0 0.32941176470588235 1.0 0.073320365074608
0.0 0.32941176470588235 1.0 0.072761211561371
0.0 0.33725490196078434 1.0 0.071611422788334
0.0 0.33725490196078434 1.0 0.07122633493348
0.0 0.3411764705882353 1.0 0.070471369586355
0.0 0.34509803921568627 1.0 0.069340185394097
0.0 0.34509803921568627 1.0 0.069163759076034
0.0 0.34901960784313724 1.0 0.068217315768966
0.0 0.35294117647058826 1.0 0.067128346966368
0.0 0.35294117647058826 1.0 0.067102048916537
0.0 0.3568627450980392 1.0 0.065993517239672
0.0 0.3607843137254902 1.0 0.065115802040087
0.0 0.36470588235294116 1.0 0.064891010087372
0.0 0.3686274509803922 1.0 0.06379411969666
0.0 0.3686274509803922 1.0 0.063121824633496
0.0 0.37254901960784315 1.0 0.062701826843802
0.0 0.3764705882352941 1.0 0.061613420374015
0.0 0.3803921568627451 1.0 0.061142116947505
0.0 0.3803921568627451 1.0 0.060528339291926
0.0 0.3843137254901961 1.0 0.059445872336813
0.0 0.38823529411764707 1.0 0.059172390526394
0.0 0.38823529411764707 1.0 0.058365160659267
0.0 0.396078431372549 1.0 0.05728564746322
0.0 0.396078431372549 1.0 0.057208376769268
0.0 0.4 1.0 0.056206630863024
0.0 0.403921568627451 1.0 0.055245841026143
0.0 0.403921568627451 1.0 0.055127262485145
0.0 0.40784313725490196 1.0 0.054046848839252
0.0 0.4117647058823529 1.0 0.053280600857198
0.0 0.4117647058823529 1.0 0.052965004506113
0.0 0.41568627450980394 1.0 0.051880600448756
0.0 0.4196078431372549 1.0 0.051308549047738
0.0 0.4196078431372549 1.0 0.050793420093428
0.0 0.4235294117647059 1.0 0.049702504608586
0.0 0.42745098039215684 1.0 0.04932568196671
0.0 0.43137254901960786 1.0 0.048607361851544
0.0 0.43529411764705883 1.0 0.047507211442519
0.0 0.43529411764705883 1.0 0.047328133825531
0.0 0.4392156862745098 1.0 0.046401594765994
0.0 0.44313725490196076 1.0 0.04531221732804
0.0 0.44313725490196076 1.0 0.045289767480372
0.0 0.4470588235294118 1.0 0.044171315125568
0.0 0.45098039215686275 1.0 0.043274471091708
0.0 0.45098039215686275 1.0 0.043045696119117
0.0 0.4549019607843137 1.0 0.041912240017876
0.0 0.4588235294117647 1.0 0.041211714054732
0.0 0.4588235294117647 1.0 0.040770620570748
0.0 0.4627450980392157 1.0 0.03962023303796
0.0 0.4666666666666667 1.0 0.039121106853225
0.0 0.4666666666666667 1.0 0.038460827377007
0.0 0.47058823529411764 1.0 0.037291876096686
0.0 0.4745098039215686 1.0 0.037000219848554
0.0 0.47843137254901963 1.0 0.036113386125236
0.0 0.4823529411764706 1.0 0.034924597279222
0.0 0.4823529411764706 1.0 0.034847107101089
0.0 0.48627450980392156 1.0 0.033725789120323
0.0 0.49019607843137253 1.0 0.032660385121726
0.0 0.49019607843137253 1.0 0.032516475753643
0.0 0.49411764705882355 1.0 0.031296562081017
0.0 0.4980392156862745 1.0 0.03043931469211
0.0 0.4980392156862745 1.0 0.030066191320479
0.0 0.5019607843137255 1.0 0.028825411409896
0.0 0.5058823529411764 1.0 0.028183883443334
0.0 0.5058823529411764 1.0 0.027574171833036
0.0 0.5098039215686274 1.0 0.026312846409752
0.0 0.5098039215686274 1.0 0.025894886247422
0.0 0.5137254901960784 1.0 0.025041720818269
0.0 0.5176470588235295 1.0 0.023760989047124
0.0 0.5176470588235295 1.0 0.023573999845855
0.0 0.5215686274509804 1.0 0.022471286980248
0.0 0.5254901960784314 1.0 0.021223847568559
0.0 0.5254901960784314 1.0 0.02117298836782
0.0 0.5294117647058824 1.0 0.01986691653755
0.0 0.5333333333333333 1.0 0.018848049551611
0.0 0.5333333333333333 1.0 0.018553632036085
0.0 0.5411764705882353 1.0 0.017234151328175
0.0 0.5411764705882353 1.0 0.016451253618447
0.0 0.5450980392156862 1.0 0.015909407946982
0.0 0.5490196078431373 1.0 0.014580245886182
0.0 0.5490196078431373 1.0 0.014039142026243
0.0 0.5529411764705883 1.0 0.01324796767199
0.0 0.5568627450980392 1.0 0.011913784791387
0.0 0.5568627450980392 1.0 0.01161840966877
0.0 0.5607843137254902 1.0 0.010578809910815
0.0 0.5647058823529412 1.0 0.009244422711441
0.0 0.5647058823529412 1.0 0.009196710123562
0.0 0.5686274509803921 1.0 0.00791244824785
0.0 0.5725490196078431 1.0 0.006782567157447
0.0 0.5725490196078431 1.0 0.006584043107685
0.0 0.5764705882352941 1.0 0.005260798107353
0.0 0.5803921568627451 1.0 0.004385250940055
0.0 0.5803921568627451 1.0 0.003944538373043
0.0 0.5843137254901961 1.0 0.002636948919338
0.0 0.5843137254901961 1.0 0.002014620187197
0.0 0.5882352941176471 1.0 0.001339571644242
0.0 0.592156862745098 1.0 5.43296820375414e-05
0.0 0.592156862745098 1.0 -0.000319066362013
0.0 0.596078431372549 1.0 -0.001217196326478
0.0 0.6 1.0 -0.002473074479945
0.0 0.6 1.0 -0.002605363514524
0.0 0.6039215686274509 1.0 -0.003711562383697
0.0 0.6078431372549019 1.0 -0.004833870578548
0.0 0.6078431372549019 1.0 -0.004931110331453
0.0 0.611764705882353 1.0 -0.006129865433286
0.0 0.615686274509804 1.0 -0.006994470396219
0.0 0.615686274509804 1.0 -0.007306357456129
0.0 0.6196078431372549 1.0 -0.008458848207413
0.0 0.6235294117647059 1.0 -0.009077566088615
0.0 0.6235294117647059 1.0 -0.009585838676877
0.0 0.6274509803921569 1.0 -0.010686062389392
0.0 0.6313725490196078 1.0 -0.011074304829254
0.0 0.6313725490196078 1.0 -0.011758036627075
0.0 0.6352941176470588 1.0 -0.012800679322249
0.0 0.6352941176470588 1.0 -0.012976778452291
0.0 0.6392156862745098 1.0 -0.013812722616752
0.0 0.6431372549019608 1.0 -0.014778191980513
0.0 0.6431372549019608 1.0 -0.014793165242781
0.0 0.6470588235294118 1.0 -0.015741252576105
0.0 0.6509803921568628 1.0 -0.016472993114017
0.0 0.6509803921568628 1.0 -0.016656088659092
0.0 0.6549019607843137 1.0 -0.017537040165244
0.0 0.6588235294117647 1.0 -0.018056958163615
0.0 0.6588235294117647 1.0 -0.018383715924932
0.0 0.6627450980392157 1.0 -0.019195724430134
0.0 0.6666666666666666 1.0 -0.019527232602889
0.0 0.6666666666666666 1.0 -0.019972694334456
0.0 0.6705882352941176 1.0 -0.020714498192566
0.0 0.6705882352941176 1.0 -0.020882327091654
0.0 0.6745098039215687 1.0 -0.021421129322733
0.0 0.6784313725490196 1.0 -0.022092787781579
0.0 0.6784313725490196 1.0 -0.022122072251564
0.0 0.6823529411764706 1.0 -0.022729680353506
0.0 0.6862745098039216 1.0 -0.023247537459179
0.0 0.6862745098039216 1.0 -0.023332037667876
0.0 0.6901960784313725 1.0 -0.023900285113295
0.0 0.6941176470588235 1.0 -0.024260920337724
0.0 0.6941176470588235 1.0 -0.024434939390566
0.0 0.6980392156862745 1.0 -0.024936668564472
0.0 0.7019607843137254 1.0 -0.025165414424769
0.0 0.7019607843137254 1.0 -0.025406136343634
0.0 0.7058823529411765 1.0 -0.025844017304804
0.0 0.7058823529411765 1.0 -0.025965062688264
0.0 0.7098039215686275 1.0 -0.026251118726953
0.0 0.7137254901960784 1.0 -0.026628299956203
0.0 0.7137254901960784 1.0 -0.02666460423301
0.0 0.7176470588235294 1.0 -0.026976511383978
0.0 0.7215686274509804 1.0 -0.027269320796919
0.0 0.7215686274509804 1.0 -0.027296683660053
0.0 0.7254901960784313 1.0 -0.027589739183853
0.0 0.7294117647058823 1.0 -0.027784888612053
0.0 0.7294117647058823 1.0 -0.027856673657435
0.0 0.7333333333333333 1.0 -0.02809849928718
0.0 0.7333333333333333 1.0 -0.028217240029713
0.0 0.7372549019607844 1.0 -0.028316267131599
0.0 0.7411764705882353 1.0 -0.02851099477271
0.0 0.7411764705882353 1.0 -0.028572438097875
0.0 0.7450980392156863 1.0 -0.028683677883097
0.0 0.7490196078431373 1.0 -0.028835338240507
0.0 0.7490196078431373 1.0 -0.028856566126133
0.0 0.7529411764705882 1.0 -0.028966987508579
0.0 0.7568627450980392 1.0 -0.029075633244487
0.0 0.7568627450980392 1.0 -0.029079638055721
0.0 0.7607843137254902 1.0 -0.029174263201033
0.0 0.7607843137254902 1.0 -0.029235496097807
0.0 0.7647058823529411 1.0 -0.0292518073551
0.0 0.7686274509803922 1.0 -0.029313208662007
0.0 0.7686274509803922 1.0 -0.02934179613471
0.0 0.7725490196078432 1.0 -0.029359380106111
0.0 0.7764705882352941 1.0 -0.029391211127243
0.0 0.7764705882352941 1.0 -0.029399911446497
0.0 0.7803921568627451 1.0 -0.029409553698293
0.0 0.7803921568627451 1.0 -0.02941523079919
0.0 0.7843137254901961 1.0 -0.02941492177432
0.0 0.7843137254901961 1.0 -0.029409040096283
0.0 0.788235294117647 1.0 -0.029391747943225
0.0 0.788235294117647 1.0 -0.029391585108633
0.0 0.792156862745098 1.0 -0.029364084533145
0.0 0.796078431372549 1.0 -0.029334324227927
0.0 0.796078431372549 1.0 -0.029326748814263
0.0 0.8 1.0 -0.02928042239451
0.0 0.803921568627451 1.0 -0.029247221537222
0.0 0.803921568627451 1.0 -0.029225724141387
0.0 0.807843137254902 1.0 -0.029163283510719
0.0 0.8117647058823529 1.0 -0.029134020645806
0.0 0.8117647058823529 1.0 -0.029093660987209
0.0 0.8156862745098039 1.0 -0.02901741217065
0.0 0.8156862745098039 1.0 -0.02899813324637
0.0 0.8196078431372549 1.0 -0.028935043155669
0.0 0.8235294117647058 1.0 -0.02884705298897
0.0 0.8235294117647058 1.0 -0.028842650005975
0.0 0.8274509803921568 1.0 -0.028753889412629
0.0 0.8313725490196079 1.0 -0.028670354338813
0.0 0.8313725490196079 1.0 -0.028655997887765
0.0 0.8352941176470589 1.0 -0.028553785629627
0.0 0.8352941176470589 1.0 -0.02848373809082
0.0 0.8392156862745098 1.0 -0.028447619359588
0.0 0.8431372549019608 1.0 -0.028337869904464
0.0 0.8431372549019608 1.0 -0.028285018319367
0.0 0.8470588235294118 1.0 -0.028224854630015
0.0 0.8509803921568627 1.0 -0.02810889889575
0.0 0.8509803921568627 1.0 -0.028076154492584
0.0 0.8549019607843137 1.0 -0.027990290943263
0.0 0.8549019607843137 1.0 -0.027869280961425
0.0 0.8588235294117647 1.0 -0.027858865559495
0.0 0.8588235294117647 1.0 -0.027746131990509
0.0 0.8627450980392157 1.0 -0.027634646452955
0.0 0.8627450980392157 1.0 -0.027621071081234
0.0 0.8666666666666667 1.0 -0.027494289101068
0.0 0.8705882352941177 1.0 -0.027404783682216
0.0 0.8705882352941177 1.0 -0.027365993327115
0.0 0.8745098039215686 1.0 -0.027236338743904
0.0 0.8784313725490196 1.0 -0.027170369751624
0.0 0.8784313725490196 1.0 -0.027105499130846
0.0 0.8823529411764706 1.0 -0.026973596112325
0.0 0.8823529411764706 1.0 -0.026932316207587
0.0 0.8862745098039215 1.0 -0.026840772081505
0.0 0.8901960784313725 1.0 -0.026707136314059
0.0 0.8901960784313725 1.0 -0.026691365169226
0.0 0.8941176470588236 1.0 -0.026572764824581
0.0 0.8980392156862745 1.0 -0.02644809924047
0.0 0.8980392156862745 1.0 -0.026437756487975
0.0 0.9019607843137255 1.0 -0.026302177765494
0.0 0.9019607843137255 1.0 -0.026202949734631
0.0 0.9058823529411765 1.0 -0.02616606283774
0.0 0.9098039215686274 1.0 -0.026029469925138
0.0 0.9098039215686274 1.0 -0.025956203168145
0.0 0.9098039215686274 1.0 -0.025892406810067
0.0 0.9137254901960784 1.0 -0.025754905753189
0.0 0.9176470588235294 1.0 -0.025708005999739
0.0 0.9176470588235294 1.0 -0.025616967656027
0.0 0.9215686274509803 1.0 -0.025478561316301
0.0 0.9215686274509803 1.0 -0.025458367606167
0.0 0.9254901960784314 1.0 -0.025339661824554
0.0 0.9294117647058824 1.0 -0.025207161497003
0.0 0.9294117647058824 1.0 -0.025200269863144
0.0 0.9333333333333333 1.0 -0.02506029642318
0.0 0.9372549019607843 1.0 -0.024954124779977
0.0 0.9372549019607843 1.0 -0.024919677739759
0.0 0.9411764705882353 1.0 -0.024778375664803
0.0 0.9411764705882353 1.0 -0.024698855895839
0.0 0.9450980392156862 1.0 -0.024636241301337
0.0 0.9490196078431372 1.0 -0.024493229126218
0.0 0.9490196078431372 1.0 -0.02444081064873
0.0 0.9529411764705882 1.0 -0.024349181446226
0.0 0.9529411764705882 1.0 -0.024203965014653
0.0 0.9568627450980393 1.0 -0.024179296565097
0.0 0.9568627450980393 1.0 -0.024057472024287
0.0 0.9607843137254902 1.0 -0.023913465622112
0.0 0.9607843137254902 1.0 -0.023909478459572
0.0 0.9647058823529412 1.0 -0.023759866049581
0.0 0.9686274509803922 1.0 -0.023642305395754
0.0 0.9686274509803922 1.0 -0.02360839781044
0.0 0.9725490196078431 1.0 -0.023454881442151
0.0 0.9764705882352941 1.0 -0.023364628689799
0.0 0.9764705882352941 1.0 -0.023299064845749
0.0 0.9803921568627451 1.0 -0.023140719726699
0.0 0.9803921568627451 1.0 -0.023079061720148
0.0 0.984313725490196 1.0 -0.022979555508364
0.0 0.9882352941176471 1.0 -0.0228153054523
0.0 0.9882352941176471 1.0 -0.022784030944699
0.0 0.9921568627450981 1.0 -0.022647660503187
0.0 0.9921568627450981 1.0 -0.02247774864743
0.0 0.9921568627450981 1.0 -0.022476266227609
0.0 0.996078431372549 1.0 -0.022300792283762
0.0 1.0 0.9921568627450981 -0.022158197406709
0.0 1.0 0.9921568627450981 -0.022120862237145
0.0 1.0 0.9803921568627451 -0.02193604971416
0.0 1.0 0.9764705882352941 -0.0218231136022
0.0 1.0 0.9725490196078431 -0.021745953140778
0.0 1.0 0.9647058823529412 -0.021550093399133
0.0 1.0 0.9607843137254902 -0.021469970141921
0.0 1.0 0.9529411764705882 -0.021348016903568
0.0 1.0 0.9450980392156862 -0.021139187521936
0.0 1.0 0.9450980392156862 -0.021095958621146
0.0 1.0 0.9372549019607843 -0.020923126318033
0.0 1.0 0.9294117647058824 -0.020699176538985
0.0 1.0 0.9294117647058824 -0.020697971157443
0.0 1.0 0.9176470588235294 -0.020466831873101
0.0 1.0 0.9098039215686274 -0.02027258218113
0.0 1.0 0.9098039215686274 -0.02022539921398
0.0 1.0 0.9019607843137255 -0.019974212931823
0.0 1.0 0.8941176470588236 -0.019816030497188
0.0 1.0 0.8901960784313725 -0.019712609767295
0.0 1.0 0.8823529411764706 -0.019439859404241
0.0 1.0 0.8784313725490196 -0.019324201972731
0.0 1.0 0.8745098039215686 -0.019155196169752
0.0 1.0 0.8627450980392157 -0.018857776489839
0.0 1.0 0.8627450980392157 -0.018792613242833
0.0 1.0 0.8549019607843137 -0.018546755910533
0.0 1.0 0.8470588235294118 -0.018221342992049
0.0 1.0 0.8431372549019608 -0.018216396865968
0.0 1.0 0.8352941176470589 -0.017880485688928
0.0 1.0 0.8274509803921568 -0.017590288397736
0.0 1.0 0.8274509803921568 -0.017523367149977
0.0 1.0 0.8156862745098039 -0.017148895783894
0.0 1.0 0.8117647058823529 -0.016908615886764
0.0 1.0 0.807843137254902 -0.016756086848448
0.0 1.0 0.8 -0.016343809262244
0.0 1.0 0.796078431372549 -0.016165292328689
0.0 1.0 0.788235294117647 -0.015911002746657
0.0 1.0 0.7803921568627451 -0.015456450344747
0.0 1.0 0.7764705882352941 -0.01535381164158
0.0 1.0 0.7686274509803922 -0.014979016736231
0.0 1.0 0.7607843137254902 -0.014477469315808
0.0 1.0 0.7607843137254902 -0.014467248747854
0.0 1.0 0.7529411764705882 -0.01395053569016
0.0 1.0 0.7450980392156863 -0.013498264362253
0.0 1.0 0.7411764705882353 -0.013396749847927
0.0 1.0 0.7333333333333333 -0.012814985148444
0.0 1.0 0.7254901960784313 -0.012439115091384
0.0 1.0 0.7215686274509804 -0.0122036964273
0.0 1.0 0.7137254901960784 -0.011561539466248
0.0 1.0 0.7098039215686275 -0.011281669446393
0.0 1.0 0.7019607843137254 -0.010886963218935
0.0 1.0 0.6941176470588235 -0.010178563713576
0.0 1.0 0.6901960784313725 -0.010017430355023
0.0 1.0 0.6823529411764706 -0.009434820933022
0.0 1.0 0.6745098039215687 -0.00865407480502
0.0 1.0 0.6745098039215687 -0.008637564731538
0.0 1.0 0.6627450980392157 -0.007834848483399
0.0 1.0 0.6549019607843137 -0.007132940621406
0.0 1.0 0.6549019607843137 -0.006975539766155
0.0 1.0 0.6431372549019608 -0.00607439940454
0.0 1.0 0.6392156862745098 -0.005494172381439
0.0 1.0 0.6352941176470588 -0.005129767974516
0.0 1.0 0.6235294117647059 -0.004140245820934
0.0 1.0 0.6196078431372549 -0.00371167428432
0.0 1.0 0.615686274509804 -0.003103746373931
0.0 1.0 0.6039215686274509 -0.002019007927982
0.0 1.0 0.6039215686274509 -0.001775722848731
0.0 1.0 0.596078431372549 -0.000884049972432
0.0 1.0 0.5843137254901961 0.00030266499173
0.0 1.0 0.5843137254901961 0.000323471907686
0.0 1.0 0.5725490196078431 0.001542989444466
0.0 1.0 0.5647058823529412 0.002595686215438
0.0 1.0 0.5647058823529412 0.00283843226332
0.0 1.0 0.5529411764705883 0.004190648385437
0.0 1.0 0.5450980392156862 0.005050593358941
0.0 1.0 0.5411764705882353 0.00560147024399
0.0 1.0 0.5333333333333333 0.007072324346075
0.0 1.0 0.5294117647058824 0.007697665749987
0.0 1.0 0.5215686274509804 0.008605004105136
0.0 1.0 0.5098039215686274 0.010200851363662
0.0 1.0 0.5098039215686274 0.010546068641719
0.0 1.0 0.5019607843137255 0.011861364347874
0.0 1.0 0.49019607843137253 0.013588230009919
0.0 1.0 0.49019607843137253 0.013604546031256
0.0 1.0 0.47843137254901963 0.015382615058134
0.0 1.0 0.47058823529411764 0.016881299483626
0.0 1.0 0.47058823529411764 0.017246105530555
0.0 1.0 0.4588235294117647 0.019179715587178
0.0 1.0 0.45098039215686275 0.020383860800745
0.0 1.0 0.4470588235294118 0.021184621607286
0.0 1.0 0.43529411764705883 0.023262207936526
0.0 1.0 0.43137254901960786 0.024118959653546
0.0 1.0 0.42745098039215684 0.025413201604907
0.0 1.0 0.41568627450980394 0.027638503012177
0.0 1.0 0.4117647058823529 0.028092387489436
0.0 1.0 0.403921568627451 0.029939224471337
0.0 1.0 0.39215686274509803 0.032308859217124
0.0 1.0 0.39215686274509803 0.032315744510558
0.0 1.0 0.3803921568627451 0.034768957128849
0.0 1.0 0.37254901960784315 0.036771874352202
0.0 1.0 0.3686274509803922 0.037298969423349
0.0 1.0 0.3568627450980392 0.039906067366377
0.0 1.0 0.35294117647058826 0.041483579475223
0.0 1.0 0.34509803921568627 0.042590770420131
0.0 1.0 0.3333333333333333 0.04535271739214
0.0 1.0 0.32941176470588235 0.046444634004742
0.0 1.0 0.3215686274509804 0.048192140075986
0.0 1.0 0.30980392156862746 0.051108334967816
0.0 1.0 0.30980392156862746 0.051654081416277
0.0 1.0 0.2980392156862745 0.054100802150677
0.0 1.0 0.28627450980392155 0.057109228139719
0.0 1.0 0.28627450980392155 0.057169290484859
0.0 1.0 0.27450980392156865 0.060312536533087
0.0 1.0 0.26666666666666666 0.06280553243806
0.0 1.0 0.2627450980392157 0.063529494178036
0.0 1.0 0.25098039215686274 0.066819380644311
0.0 1.0 0.24313725490196078 0.068736505605321
0.0 1.0 0.23921568627450981 0.070180325596588
0.0 1.0 0.2235294117647059 0.073611170034839
0.0 1.0 0.2196078431372549 0.074893627817599
0.0 1.0 0.21176470588235294 0.077109616776493
0.0 1.0 0.2 0.080674116586452
0.0 1.0 0.19607843137254902 0.081266280925213
0.0 1.0 0.1843137254901961 0.084301437824898
0.0 1.0 0.17254901960784313 0.087841700383623
0.0 1.0 0.17254901960784313 0.087990114553173
0.0 1.0 0.1568627450980392 0.091737495532994
0.0 1.0 0.1450980392156863 0.094604948384638
0.0 1.0 0.1450980392156863 0.095540200094178
0.0 1.0 0.12941176470588237 0.09939513430495
0.0 1.0 0.12156862745098039 0.101538910066807
0.0 1.0 0.11372549019607843 0.103299535956697
0.0 1.0 0.09803921568627451 0.107249374905883
0.0 1.0 0.09411764705882353 0.108624314455262
0.0 1.0 0.08235294117647059 0.111241492009982
0.0 1.0 0.06666666666666667 0.11527088857452
0.0 1.0 0.06274509803921569 0.115839781508174
0.0 1.0 0.047058823529411764 0.119335125226906
0.0 1.0 0.027450980392156862 0.123161896332239
0.0 1.0 0.027450980392156862 0.123428252620588
0.0 1.0 0.0 0.12754692044144
0.00392156862745098 1.0 0.0 0.130565311277143
0.00784313725490196 1.0 0.0 0.131686495426752
0.01568627450980392 1.0 0.0 0.135841600288079
0.0196078431372549 1.0 0.0 0.138022876234315
0.023529411764705882 1.0 0.0 0.140007270600436
0.027450980392156862 1.0 0.0 0.14417838800385
0.03137254901960784 1.0 0.0 0.145505797055059
0.03529411764705882 1.0 0.0 0.148350276160903
0.0392156862745098 1.0 0.0 0.152517553454903
0.0392156862745098 1.0 0.0 0.152983821575785
0.047058823529411764 1.0 0.0 0.156673594449767
0.050980392156862744 1.0 0.0 0.160425452303199
0.050980392156862744 1.0 0.0 0.160813944454715
0.054901960784313725 1.0 0.0 0.164932920122789
0.058823529411764705 1.0 0.0 0.167798184381573
0.06274509803921569 1.0 0.0 0.169024205304106
0.06666666666666667 1.0 0.0 0.173081995372157
0.07058823529411765 1.0 0.0 0.175068767050452
0.07058823529411765 1.0 0.0 0.177100445503931
0.07450980392156863 1.0 0.0 0.181074766625234
0.0784313725490196 1.0 0.0 0.182203486419352
0.08235294117647059 1.0 0.0 0.184996908463289
0.08627450980392157 1.0 0.0 0.188863146373979
0.08627450980392157 1.0 0.0 0.189168467052326
0.09019607843137255 1.0 0.0 0.192666558955681
0.09411764705882353 1.0 0.0 0.195929989587426
0.09411764705882353 1.0 0.0 0.19640235602017
0.09803921568627451 1.0 0.0 0.200062763677039
0.10196078431372549 1.0 0.0 0.202454821432187
0.10588235294117647 1.0 0.0 0.203644124906472
0.10980392156862745 1.0 0.0 0.207139876763973
0.10980392156862745 1.0 0.0 0.20871055749431
0.11372549019607843 1.0 0.0 0.210544582646594
0.11764705882352941 1.0 0.0 0.213852945264498
0.11764705882352941 1.0 0.0 0.214665967942318
0.12156862745098039 1.0 0.0 0.217059829999441
0.12549019607843137 1.0 0.0 0.220161107465041
0.12549019607843137 1.0 0.0 0.22029135015536
0.12941176470588237 1.0 0.0 0.223151119534103
0.13333333333333333 1.0 0.0 0.225558882317748
0.13333333333333333 1.0 0.0 0.226025314385228
0.13725490196078433 1.0 0.0 0.228779375024506
0.1411764705882353 1.0 0.0 0.230442976532977
0.1411764705882353 1.0 0.0 0.231409238234313
0.1450980392156863 1.0 0.0 0.233911779160003
0.14901960784313725 1.0 0.0 0.234920629847211
0.14901960784313725 1.0 0.0 0.236282130724903
0.15294117647058825 1.0 0.0 0.238518398100165
0.1568627450980392 1.0 0.0 0.238971772133746
0.1607843137254902 1.0 0.0 0.240617050606285
0.16470588235294117 1.0 0.0 0.242576090076762
0.16470588235294117 1.0 0.0 0.242579610319513
0.16862745098039217 1.0 0.0 0.244392294368643
0.16862745098039217 1.0 0.0 0.245730968821996
0.17254901960784313 1.0 0.0 0.246064890064876
0.17647058823529413 1.0 0.0 0.247591995356801
0.17647058823529413 1.0 0.0 0.248416626166971
0.1803921568627451 1.0 0.0 0.24897266456282
0.1843137254901961 1.0 0.0 0.250206391873101
0.1843137254901961 1.0 0.0 0.250631647402457
0.18823529411764706 1.0 0.0 0.2512934019193
0.19215686274509805 1.0 0.0 0.252233522869564
0.19215686274509805 1.0 0.0 0.252375710923042
0.19607843137254902 1.0 0.0 0.25302818015144
0.19607843137254902 1.0 0.0 0.25365342648435
0.2 1.0 0.0 0.253678515969159
0.2 1.0 0.0 0.25418647172007
0.20392156862745098 1.0 0.0 0.254474638363959
0.20392156862745098 1.0 0.0 0.254554607734888
0.20784313725490197 1.0 0.0 0.254785753518738
0.21176470588235294 1.0 0.0 0.254854703726799
0.21176470588235294 1.0 0.0 0.254883629976699
0.21568627450980393 1.0 0.0 0.25485232510568
0.2196078431372549 1.0 0.0 0.254814731308831
0.2196078431372549 1.0 0.0 0.254696590024684
0.2235294117647059 1.0 0.0 0.254421671921828
0.2235294117647059 1.0 0.0 0.254381759733963
0.22745098039215686 1.0 0.0 0.254033648663368
0.23137254901960785 1.0 0.0 0.253588848521539
0.23137254901960785 1.0 0.0 0.253538824134504
0.23529411764705882 1.0 0.0 0.252944385880538
0.23921568627450981 1.0 0.0 0.252475048753006
0.23921568627450981 1.0 0.0 0.252257997483687
0.24313725490196078 1.0 0.0 0.251487869403834
0.24313725490196078 1.0 0.0 0.251085215307655
0.24705882352941178 1.0 0.0 0.25064249520542
0.25098039215686274 1.0 0.0 0.249731560535079
0.25098039215686274 1.0 0.0 0.249469619608107
0.2549019607843137 1.0 0.0 0.248764244130065
0.25882352941176473 1.0 0.0 0.247750861973214
0.25882352941176473 1.0 0.0 0.247683322114461
0.25882352941176473 1.0 0.0 0.246701828730295
0.2627450980392157 1.0 0.0 0.245785268539774
0.2627450980392157 1.0 0.0 0.245627533042505
0.26666666666666666 1.0 0.0 0.24453914241384
0.27058823529411763 1.0 0.0 0.243837083915218
0.27058823529411763 1.0 0.0 0.243447941662816
0.27450980392156865 1.0 0.0 0.242364326852427
0.27450980392156865 1.0 0.0 0.241901554813004
0.2784313725490196 1.0 0.0 0.24129949117129
0.2823529411764706 1.0 0.0 0.240263837256432
0.2823529411764706 1.0 0.0 0.240040812249227
0.28627450980392155 1.0 0.0 0.239268279752222
0.2901960784313726 1.0 0.0 0.238322169547354
0.2901960784313726 1.0 0.0 0.238314255273113
0.29411764705882354 1.0 0.0 0.237435092406285
0.29411764705882354 1.0 0.0 0.236776286349367
0.29411764705882354 1.0 0.0 0.236615637678021
0.2980392156862745 1.0 0.0 0.235871357735538
0.30196078431372547 1.0 0.0 0.235473961796858
0.30196078431372547 1.0 0.0 0.235209432908527
0.3058823529411765 1.0 0.0 0.234635190261466
0.3058823529411765 1.0 0.0 0.234444690414284
0.30980392156862746 1.0 0.0 0.234153313409382
0.3137254901960784 1.0 0.0 0.233767001804526
0.3137254901960784 1.0 0.0 0.233714137137066
0.3176470588235294 1.0 0.0 0.233478081798636
0.3215686274509804 1.0 0.0 0.233294502153739
0.3215686274509804 1.0 0.0 0.233286946544128
0.3215686274509804 1.0 0.0 0.233192503196882
0.3254901960784314 1.0 0.0 0.233183345793715
0.3254901960784314 1.0 0.0 0.233192245414308
0.32941176470588235 1.0 0.0 0.233282119526329
0.3333333333333333 1.0 0.0 0.233363113080312
0.3333333333333333 1.0 0.0 0.233456626146105
0.33725490196078434 1.0 0.0 0.233708884477532
0.33725490196078434 1.0 0.0 0.233801478026138
0.3411764705882353 1.0 0.0 0.234030820229412
0.34509803921568627 1.0 0.0 0.234413026489099
0.34509803921568627 1.0 0.0 0.234452577351302
0.34509803921568627 1.0 0.0 0.234845129364745
0.34901960784313724 1.0 0.0 0.235259139268873
0.34901960784313724 1.0 0.0 0.235315900820379
0.35294117647058826 1.0 0.0 0.235813449792195
0.3568627450980392 1.0 0.0 0.236155440300329
0.3568627450980392 1.0 0.0 0.23632557392021
0.3607843137254902 1.0 0.0 0.236839422111122
0.3607843137254902 1.0 0.0 0.237070948430699
0.36470588235294116 1.0 0.0 0.237342706215971
0.36470588235294116 1.0 0.0 0.237822962999317
0.3686274509803922 1.0 0.0 0.237934441983891
0.3686274509803922 1.0 0.0 0.238268474409755
0.37254901960784315 1.0 0.0 0.238667884835007
0.37254901960784315 1.0 0.0 0.238678338225998
0.3764705882352941 1.0 0.0 0.239011241096242
0.3803921568627451 1.0 0.0 0.239242930862997
0.3803921568627451 1.0 0.0 0.239289409339973
0.3843137254901961 1.0 0.0 0.239494710375008
0.3843137254901961 1.0 0.0 0.239580226438034
0.3843137254901961 1.0 0.0 0.239620964671768
0.38823529411764707 1.0 0.0 0.239663621242686
0.39215686274509803 1.0 0.0 0.23965708868272
0.39215686274509803 1.0 0.0 0.239619830706696
0.396078431372549 1.0 0.0 0.2394885774291
0.396078431372549 1.0 0.0 0.239457446563655
0.4 1.0 0.0 0.239270561415349
0.403921568627451 1.0 0.0 0.238983392328887
0.403921568627451 1.0 0.0 0.238968282630238
0.403921568627451 1.0 0.0 0.238586223247142
0.40784313725490196 1.0 0.0 0.238255083697442
0.40784313725490196 1.0 0.0 0.238130289108953
0.4117647058823529 1.0 0.0 0.237607845707283
0.4117647058823529 1.0 0.0 0.237309460751262
0.41568627450980394 1.0 0.0 0.237027918207633
0.4196078431372549 1.0 0.0 0.236400629123746
0.4196078431372549 1.0 0.0 0.236197883335084
0.4196078431372549 1.0 0.0 0.235737110384889
0.4235294117647059 1.0 0.0 0.235049096548667
0.4235294117647059 1.0 0.0 0.234982879244575
0.42745098039215684 1.0 0.0 0.234349451349819
0.43137254901960786 1.0 0.0 0.233734258906518
0.43137254901960786 1.0 0.0 0.233650611568635
0.43529411764705883 1.0 0.0 0.232965674433085
0.43529411764705883 1.0 0.0 0.232524892654259
0.4392156862745098 1.0 0.0 0.232307398095255
0.4392156862745098 1.0 0.0 0.231688005305528
0.44313725490196076 1.0 0.0 0.231426459067416
0.44313725490196076 1.0 0.0 0.23111963354929
0.4470588235294118 1.0 0.0 0.230612996852568
0.4470588235294118 1.0 0.0 0.230505457375073
0.45098039215686275 1.0 0.0 0.230178327564259
0.4549019607843137 1.0 0.0 0.229824590616006
0.4549019607843137 1.0 0.0 0.229819736834998
0.4549019607843137 1.0 0.0 0.229559521689621
0.4588235294117647 1.0 0.0 0.22941573696805
0.4588235294117647 1.0 0.0 0.229389497745623
0.4627450980392157 1.0 0.0 0.229319622126326
0.4627450980392157 1.0 0.0 0.229326561819932
0.4666666666666667 1.0 0.0 0.229353452569749
0.4666666666666667 1.0 0.0 0.229493136504598
0.47058823529411764 1.0 0.0 0.229570936928674
0.47058823529411764 1.0 0.0 0.229739448868732
0.4745098039215686 1.0 0.0 0.230091537910019
0.4745098039215686 1.0 0.0 0.230153026914795
0.47843137254901963 1.0 0.0 0.230547525003744
0.4823529411764706 1.0 0.0 0.231063030895339
0.4823529411764706 1.0 0.0 0.231103817285509
0.4823529411764706 1.0 0.0 0.231756183978296
0.48627450980392156 1.0 0.0 0.232278426764455
0.48627450980392156 1.0 0.0 0.232499083189851
0.49019607843137253 1.0 0.0 0.233325520710493
0.49019607843137253 1.0 0.0 0.233765706193812
0.49411764705882355 1.0 0.0 0.234228247404617
0.4980392156862745 1.0 0.0 0.235199368158635
0.4980392156862745 1.0 0.0 0.235482430300052
0.4980392156862745 1.0 0.0 0.236229870810897
0.5019607843137255 1.0 0.0 0.237310499318027
0.5019607843137255 1.0 0.0 0.237379439783918
0.5058823529411764 1.0 0.0 0.238431638982004
0.5098039215686274 1.0 0.0 0.239403070063874
0.5098039215686274 1.0 0.0 0.239583748620222
0.5098039215686274 1.0 0.0 0.240756527014132
0.5137254901960784 1.0 0.0 0.241497247771486
0.5137254901960784 1.0 0.0 0.241939618374405
0.5176470588235295 1.0 0.0 0.243123692178696
0.5176470588235295 1.0 0.0 0.243605375941341
0.5215686274509804 1.0 0.0 0.244298911145494
0.5254901960784314 1.0 0.0 0.245455014527023
0.5254901960784314 1.0 0.0 0.24567194753422
0.5254901960784314 1.0 0.0 0.246583282971264
0.5294117647058824 1.0 0.0 0.247643857399384
0.5294117647058824 1.0 0.0 0.247674093377463
0.5333333333333333 1.0 0.0 0.248719400234822
0.5333333333333333 1.0 0.0 0.249471409063164
0.5372549019607843 1.0 0.0 0.249710677203326
0.5372549019607843 1.0 0.0 0.250640383551458
0.5411764705882353 1.0 0.0 0.251109033396431
0.5411764705882353 1.0 0.0 0.25150069194795
0.5450980392156862 1.0 0.0 0.252285221839742
0.5450980392156862 1.0 0.0 0.252515750706363
0.5490196078431373 1.0 0.0 0.252987366283319
0.5490196078431373 1.0 0.0 0.253601250903172
0.5490196078431373 1.0 0.0 0.253655416299218
0.5529411764705883 1.0 0.0 0.254121489565245
0.5568627450980392 1.0 0.0 0.254496792795634
0.5568627450980392 1.0 0.0 0.254543179974954
0.5607843137254902 1.0 0.0 0.254861967653495
0.5607843137254902 1.0 0.0 0.255013491508258
0.5607843137254902 1.0 0.0 0.2550737616283
0.5647058823529412 1.0 0.0 0.255175054055442
0.5647058823529412 1.0 0.0 0.255183821209807
0.5686274509803921 1.0 0.0 0.255162779274627
0.5725490196078431 1.0 0.0 0.255034300153352
0.5725490196078431 1.0 0.0 0.254990576798823
0.5725490196078431 1.0 0.0 0.254787310318024
0.5764705882352941 1.0 0.0 0.254420793738255
0.5764705882352941 1.0 0.0 0.254420003769676
0.5803921568627451 1.0 0.0 0.25393108932062
0.5843137254901961 1.0 0.0 0.253465487514989
0.5843137254901961 1.0 0.0 0.253319231981133
0.5843137254901961 1.0 0.0 0.252583617342527
0.5882352941176471 1.0 0.0 0.252119391325918
0.5882352941176471 1.0 0.0 0.251724271977945
0.592156862745098 1.0 0.0 0.250740684891103
0.592156862745098 1.0 0.0 0.250380700089606
0.596078431372549 1.0 0.0 0.249633342522295
0.596078431372549 1.0 0.0 0.248402816593067
0.596078431372549 1.0 0.0 0.248250824867271
0.6 1.0 0.0 0.247049967737804
0.6039215686274509 1.0 0.0 0.245734158856424
0.6039215686274509 1.0 0.0 0.245575933094538
0.6078431372549019 1.0 0.0 0.243981664957561
0.6078431372549019 1.0 0.0 0.242837854194271
0.6078431372549019 1.0 0.0 0.242269683960291
0.611764705882353 1.0 0.0 0.240440955755369
0.611764705882353 1.0 0.0 0.239571607714746
0.615686274509804 1.0 0.0 0.238498056494362
0.6196078431372549 1.0 0.0 0.236442756457773
0.6196078431372549 1.0 0.0 0.235947453357344
0.6196078431372549 1.0 0.0 0.234278723724585
0.6235294117647059 1.0 0.0 0.232007530928368
0.6235294117647059 1.0 0.0 0.231979558944947
0.6274509803921569 1.0 0.0 0.229632684809425
0.6274509803921569 1.0 0.0 0.227684025368475
0.6313725490196078 1.0 0.0 0.227157292334295
0.6313725490196078 1.0 0.0 0.224584622620727
0.6352941176470588 1.0 0.0 0.223078686704465
0.6352941176470588 1.0 0.0 0.221918095699957
0.6392156862745098 1.0 0.0 0.219160511863586
0.6392156862745098 1.0 0.0 0.21818291034545
0.6392156862745098 1.0 0.0 0.216316272651157
0.6431372549019608 1.0 0.0 0.213389186417766
0.6431372549019608 1.0 0.0 0.213017396770121
0.6470588235294118 1.0 0.0 0.210383166131532
0.6509803921568628 1.0 0.0 0.207603979074755
0.6509803921568628 1.0 0.0 0.207302223485622
0.6509803921568628 1.0 0.0 0.204150449647665
0.6549019607843137 1.0 0.0 0.201965422803674
0.6549019607843137 1.0 0.0 0.200931126874321
0.6588235294117647 1.0 0.0 0.197649332346295
0.6588235294117647 1.0 0.0 0.196125226944393
0.6627450980392157 1.0 0.0 0.194309342760942
0.6627450980392157 1.0 0.0 0.190915480004696
0.6627450980392157 1.0 0.0 0.19010742719237
0.6666666666666666 1.0 0.0 0.187471149071914
0.6705882352941176 1.0 0.0 0.183982584135004
0.6705882352941176 1.0 0.0 0.183936402747492
0.6705882352941176 1.0 0.0 0.18045226996018
0.6745098039215687 1.0 0.0 0.177636687988921
0.6745098039215687 1.0 0.0 0.176885519860822
0.6784313725490196 1.0 0.0 0.173286695083482
0.6784313725490196 1.0 0.0 0.171232790397793
0.6823529411764706 1.0 0.0 0.169660136182817
0.6823529411764706 1.0 0.0 0.166009153887949
0.6862745098039216 1.0 0.0 0.164749016069199
0.6862745098039216 1.0 0.0 0.162339998117426
0.6901960784313725 1.0 0.0 0.158654898428223
0.6901960784313725 1.0 0.0 0.158209304085813
0.6941176470588235 1.0 0.0 0.154959008605681
0.6941176470588235 1.0 0.0 0.151637070924493
0.6941176470588235 1.0 0.0 0.151255419612446
0.6980392156862745 1.0 0.0 0.147550163427142
0.6980392156862745 1.0 0.0 0.145055065941531
0.7019607843137254 1.0 0.0 0.143846177246505
0.7019607843137254 1.0 0.0 0.140146311540007
0.7058823529411765 1.0 0.0 0.138485238838753
0.7058823529411765 1.0 0.0 0.136455332933403
0.7098039215686275 1.0 0.0 0.132776903820898
0.7098039215686275 1.0 0.0 0.131948619966774
0.7137254901960784 1.0 0.0 0.129113594168833
0.7137254901960784 1.0 0.0 0.125471646432946
0.7137254901960784 1.0 0.0 0.12546605649861
0.7176470588235294 1.0 0.0 0.121881727877148
0.7215686274509804 1.0 0.0 0.119321540933133
0.7215686274509804 1.0 0.0 0.118696061102843
0.7215686274509804 1.0 0.0 0.116943136209455
0.7254901960784313 1.0 0.0 0.11634386323919
0.7254901960784313 1.0 0.0 0.115358317535677
0.7294117647058823 1.0 0.0 0.110428297435508
0.7294117647058823 1.0 0.0 0.108448987871022
0.7333333333333333 1.0 0.0 0.104855719101433
0.7333333333333333 1.0 0.0 0.100832165156311
0.7333333333333333 1.0 0.0 0.10046567439479
0.7372549019607844 1.0 0.0 0.097397141580729
0.7411764705882353 1.0 0.0 0.094464224405963
0.7411764705882353 1.0 0.0 0.094061329750063
0.7411764705882353 1.0 0.0 0.090774418751775
0.7450980392156863 1.0 0.0 0.088652761213089
0.7450980392156863 1.0 0.0 0.087536615073212
0.7490196078431373 1.0 0.0 0.084348905310514
0.7490196078431373 1.0 0.0 0.082999817843204
0.7529411764705882 1.0 0.0 0.081213900830358
0.7529411764705882 1.0 0.0 0.078133191358896
0.7529411764705882 1.0 0.0 0.077514976210204
0.7568627450980392 1.0 0.0 0.07510822494521
0.7607843137254902 1.0 0.0 0.072206487784069
0.7607843137254902 1.0 0.0 0.072139522431381
0.7607843137254902 1.0 0.0 0.069229870190207
0.7647058823529411 1.0 0.0 0.067081257841169
0.7647058823529411 1.0 0.0 0.066378742146376
0.7686274509803922 1.0 0.0 0.063587851843926
0.7686274509803922 1.0 0.0 0.062144879067144
0.7686274509803922 1.0 0.0 0.060857990060843
0.7725490196078432 1.0 0.0 0.058189822799736
0.7725490196078432 1.0 0.0 0.057401674064099
0.7764705882352941 1.0 0.0 0.055583197971672
0.7803921568627451 1.0 0.0 0.053039951246166
0.7803921568627451 1.0 0.0 0.052854745776721
0.7803921568627451 1.0 0.0 0.050559016854098
0.7843137254901961 1.0 0.0 0.048506034826306
0.7843137254901961 1.0 0.0 0.048141293192428
0.788235294117647 1.0 0.0 0.045786242262814
0.788235294117647 1.0 0.0 0.044356382729294
0.788235294117647 1.0 0.0 0.043495128059282
0.792156862745098 1.0 0.0 0.041267192406116
0.792156862745098 1.0 0.0 0.040405599978562
0.796078431372549 1.0 0.0 0.039101654068816
0.796078431372549 1.0 0.0 0.036998824502834
0.8 1.0 0.0 0.036652537980413
0.8 1.0 0.0 0.034958320237611
0.803921568627451 1.0 0.0 0.03309516386712
0.803921568627451 1.0 0.0 0.032979147812859
0.803921568627451 1.0 0.0 0.031061831992808
0.807843137254902 1.0 0.0 0.029730637242465
0.807843137254902 1.0 0.0 0.02920471732264
0.8117647058823529 1.0 0.0 0.0274081206718
0.8117647058823529 1.0 0.0 0.026555387964933
0.8156862745098039 1.0 0.0 0.025670316418514
0.8156862745098039 1.0 0.0 0.023990539253254
0.8156862745098039 1.0 0.0 0.023565194128414
0.8196078431372549 1.0 0.0 0.022368829155563
0.8235294117647058 1.0 0.0 0.020803387682044
0.8235294117647058 1.0 0.0 0.02075525946201
0.8235294117647058 1.0 0.0 0.019294092693391
0.8274509803921568 1.0 0.0 0.018120289437477
0.8274509803921568 1.0 0.0 0.017839116259357
0.8313725490196079 1.0 0.0 0.016437824390839
0.8313725490196079 1.0 0.0 0.015654565444015
0.8313725490196079 1.0 0.0 0.015088772882848
0.8352941176470589 1.0 0.0 0.013791574387648
0.8352941176470589 1.0 0.0 0.013352016465891
0.8392156862745098 1.0 0.0 0.012544384170803
0.8392156862745098 1.0 0.0 0.011346707631298
0.8431372549019608 1.0 0.0 0.01120628778136
0.8431372549019608 1.0 0.0 0.010196710689127
0.8470588235294118 1.0 0.0 0.009210806298267
0.8470588235294118 1.0 0.0 0.009093227778208
0.8509803921568627 1.0 0.0 0.008035638188565
0.8509803921568627 1.0 0.0 0.007358842264918
0.8509803921568627 1.0 0.0 0.007022410239313
0.8549019607843137 1.0 0.0 0.006052055116388
0.8549019607843137 1.0 0.0 0.00564356726287
0.8588235294117647 1.0 0.0 0.005123615029649
0.8588235294117647 1.0 0.0 0.004235851672115
0.8588235294117647 1.0 0.0 0.004058108622885
0.8627450980392157 1.0 0.0 0.003387530255105
0.8666666666666667 1.0 0.0 0.002595600722066
0.8666666666666667 1.0 0.0 0.002577206229603
0.8666666666666667 1.0 0.0 0.001804094303762
0.8705882352941177 1.0 0.0 0.001249234009311
0.8705882352941177 1.0 0.0 0.001066563996132
0.8745098039215686 1.0 0.0 0.000363630180451
0.8745098039215686 1.0 0.0 1.23030051525291e-05
0.8745098039215686 1.0 0.0 -0.000305891053166
0.8784313725490196 1.0 0.0 -0.000943163318859
0.8784313725490196 1.0 0.0 -0.001121745216049
0.8823529411764706 1.0 0.0 -0.001549488893822
0.8823529411764706 1.0 0.0 -0.002125809122165
0.8823529411764706 1.0 0.0 -0.002159260676595
0.8862745098039215 1.0 0.0 -0.002673069578309
0.8901960784313725 1.0 0.0 -0.003106337728601
0.8901960784313725 1.0 0.0 -0.003192624386452
0.8901960784313725 1.0 0.0 -0.003685475136363
0.8941176470588236 1.0 0.0 -0.003968761183278
0.8941176470588236 1.0 0.0 -0.004152342806701
0.8980392156862745 1.0 0.0 -0.004594427148051
0.8980392156862745 1.0 0.0 -0.004751955674152
0.8980392156862745 1.0 0.0 -0.005012394632078
0.9019607843137255 1.0 0.0 -0.005407334932851
0.9019607843137255 1.0 0.0 -0.00546094648859
0.9058823529411765 1.0 0.0 -0.005779952514344
0.9058823529411765 1.0 0.0 -0.006100343937155
0.9058823529411765 1.0 0.0 -0.006131119476947
0.9098039215686274 1.0 0.0 -0.006461388759036
0.9137254901960784 1.0 0.0 -0.006674365458745
0.9137254901960784 1.0 0.0 -0.006771648553477
0.9176470588235294 1.0 0.0 -0.007062490863205
0.9176470588235294 1.0 0.0 -0.007186907993328
0.9176470588235294 1.0 0.0 -0.007334582352776
0.9215686274509803 1.0 0.0 -0.007588583023825
0.9215686274509803 1.0 0.0 -0.00764167590156
0.9254901960784314 1.0 0.0 -0.007825156734167
0.9254901960784314 1.0 0.0 -0.008042356511744
0.9254901960784314 1.0 0.0 -0.008045041002297
0.9294117647058824 1.0 0.0 -0.008248825082545
0.9294117647058824 1.0 0.0 -0.00839281841177
0.9333333333333333 1.0 0.0 -0.008437364876363
0.9333333333333333 1.0 0.0 -0.008611395512468
0.9372549019607843 1.0 0.0 -0.00869729191256
0.9372549019607843 1.0 0.0 -0.008771759760729
0.9411764705882353 1.0 0.0 -0.008919390531639
0.9411764705882353 1.0 0.0 -0.008960483343063
0.9411764705882353 1.0 0.0 -0.009055151845348
0.9450980392156862 1.0 0.0 -0.009180101880867
0.9450980392156862 1.0 0.0 -0.009187580452056
0.9490196078431372 1.0 0.0 -0.00929521632021
0.9490196078431372 1.0 0.0 -0.00938412627267
0.9490196078431372 1.0 0.0 -0.009401522042341
0.9529411764705882 1.0 0.0 -0.009500065375655
0.9529411764705882 1.0 0.0 -0.009555768558705
0.9568627450980393 1.0 0.0 -0.009591786914264
0.9568627450980393 1.0 0.0 -0.009677681509908
0.9568627450980393 1.0 0.0 -0.009707922240493
0.9607843137254902 1.0 0.0 -0.009758598966693
0.9647058823529412 1.0 0.0 -0.00983532538402
0.9647058823529412 1.0 0.0 -0.009845403931066
0.9647058823529412 1.0 0.0 -0.009908540786612
0.9686274509803922 1.0 0.0 -0.009972104754415
0.9686274509803922 1.0 0.0 -0.009978806779387
0.9725490196078431 1.0 0.0 -0.01004657622473
0.9725490196078431 1.0 0.0 -0.010090760369684
0.9725490196078431 1.0 0.0 -0.010112117940372
0.9764705882352941 1.0 0.0 -0.010175645227035
0.9764705882352941 1.0 0.0 -0.010202858618589
0.9803921568627451 1.0 0.0 -0.010237197668908
0.9803921568627451 1.0 0.0 -0.010296740071046
0.9803921568627451 1.0 0.0 -0.010308700530322
0.984313725490196 1.0 0.0 -0.010354096571913
0.9882352941176471 1.0 0.0 -0.010407603712588
0.9882352941176471 1.0 0.0 -0.010409080468683
0.9882352941176471 1.0 0.0 -0.01046139162177
0.9921568627450981 1.0 0.0 -0.010498212110865
0.9921568627450981 1.0 0.0 -0.010510756279165
0.996078431372549 1.0 0.0 -0.010556859736738
0.996078431372549 1.0 0.0 -0.010578856764107
0.996078431372549 1.0 0.0 -0.010599374094546
1.0 0.996078431372549 0.0 -0.010638035202377
1.0 0.996078431372549 0.0 -0.010647903085214
1.0 0.9921568627450981 0.0 -0.010672613747184
1.0 0.9921568627450981 0.0 -0.010702908426987
1.0 0.9921568627450981 0.0 -0.01070402490585
1.0 0.9882352941176471 0.0 -0.010728781368622
1.0 0.984313725490196 0.0 -0.010746364128506
1.0 0.984313725490196 0.0 -0.01075014749022
1.0 0.984313725490196 0.0 -0.010766970856801
1.0 0.9803921568627451 0.0 -0.010774562528386
1.0 0.9803921568627451 0.0 -0.01077926063269
1.0 0.9764705882352941 0.0 -0.010787051332145
1.0 0.9764705882352941 0.0 -0.010788680630614
1.0 0.9725490196078431 0.0 -0.010790404991368
1.0 0.9725490196078431 0.0 -0.010789394472796
1.0 0.9725490196078431 0.0 -0.010789039183866
1.0 0.9686274509803922 0.0 -0.010784091932075
1.0 0.9647058823529412 0.0 -0.01077602671191
1.0 0.9647058823529412 0.0 -0.010774557926899
1.0 0.9647058823529412 0.0 -0.010760827371372
1.0 0.9607843137254902 0.0 -0.010749912280327
1.0 0.9607843137254902 0.0 -0.010742911668477
1.0 0.9568627450980393 0.0 -0.010720783552365
1.0 0.9568627450980393 0.0 -0.010710690309168
1.0 0.9529411764705882 0.0 -0.01069437382544
1.0 0.9529411764705882 0.0 -0.010663567452987
1.0 0.9529411764705882 0.0 -0.010657969657031
1.0 0.9490196078431372 0.0 -0.010628190874914
1.0 0.9450980392156862 0.0 -0.010590906832063
1.0 0.9450980392156862 0.0 -0.010588049871792
1.0 0.9450980392156862 0.0 -0.010542858929424
1.0 0.9411764705882353 0.0 -0.010508175303217
1.0 0.9411764705882353 0.0 -0.010492313781813
1.0 0.9372549019607843 0.0 -0.01043604991744
1.0 0.9372549019607843 0.0 -0.010407959614263
1.0 0.9333333333333333 0.0 -0.010373635771959
1.0 0.9333333333333333 0.0 -0.010304642321925
1.0 0.9294117647058824 0.0 -0.010287963184172
1.0 0.9294117647058824 0.0 -0.010228521672294
1.0 0.9254901960784314 0.0 -0.010145420774127
1.0 0.9254901960784314 0.0 -0.010144733421756
1.0 0.9215686274509803 0.0 -0.010052672668475
1.0 0.9215686274509803 0.0 -0.009977109310644
1.0 0.9215686274509803 0.0 -0.009951687886166
1.0 0.9176470588235294 0.0 -0.009841049977379
1.0 0.9176470588235294 0.0 -0.009779353257956
1.0 0.9137254901960784 0.0 -0.009720073304279
1.0 0.9137254901960784 0.0 -0.009587899965477
1.0 0.9098039215686274 0.0 -0.009548022683153
1.0 0.9098039215686274 0.0 -0.009443719786055
1.0 0.9058823529411765 0.0 -0.009286642394583
1.0 0.9058823529411765 0.0 -0.009278523532702
1.0 0.9019607843137255 0.0 -0.009115726633507
1.0 0.9019607843137255 0.0 -0.008965780574115
1.0 0.9019607843137255 0.0 -0.008929927634884
1.0 0.8980392156862745 0.0 -0.008728298384834
1.0 0.8980392156862745 0.0 -0.008604214113086
1.0 0.8941176470588236 0.0 -0.008509628061663
1.0 0.8901960784313725 0.0 -0.00827280901597
1.0 0.8901960784313725 0.0 -0.008187712089262
1.0 0.8901960784313725 0.0 -0.008016622280008
1.0 0.8862745098039215 0.0 -0.007739711074829
1.0 0.8862745098039215 0.0 -0.007709599530348
1.0 0.8823529411764706 0.0 -0.007440881840681
1.0 0.8823529411764706 0.0 -0.007162607598911
1.0 0.8823529411764706 0.0 -0.007118566658495
1.0 0.8784313725490196 0.0 -0.006771369444177
1.0 0.8745098039215686 0.0 -0.006538844569406
1.0 0.8745098039215686 0.0 -0.006397749518406
1.0 0.8705882352941177 0.0 -0.005996097772291
1.0 0.8705882352941177 0.0 -0.005829770999784
1.0 0.8705882352941177 0.0 -0.005564735748358
1.0 0.8666666666666667 0.0 -0.005101785982897
1.0 0.8666666666666667 0.0 -0.005026181111887
1.0 0.8627450980392157 0.0 -0.004605540489144
1.0 0.8588235294117647 0.0 -0.004118191998564
1.0 0.8588235294117647 0.0 -0.00407410808718
1.0 0.8588235294117647 0.0 -0.003505528318067
1.0 0.8549019607843137 0.0 -0.003095241791171
1.0 0.8549019607843137 0.0 -0.002897770172941
1.0 0.8509803921568627 0.0 -0.002248735035469
1.0 0.8509803921568627 0.0 -0.001946097422814
1.0 0.8470588235294118 0.0 -0.00155606366556
1.0 0.8470588235294118 0.0 -0.000817690965696
1.0 0.8470588235294118 0.0 -0.000658872185291
1.0 0.8431372549019608 0.0 -3.13188153722238e-05
1.0 0.8392156862745098 0.0 0.00077894703758
1.0 0.8392156862745098 0.0 0.000805412285539
1.0 0.8352941176470589 0.0 0.001694922195829
1.0 0.8352941176470589 0.0 0.002380463133651
1.0 0.8352941176470589 0.0 0.002639947577166
1.0 0.8313725490196079 0.0 0.003642510205811
1.0 0.8313725490196079 0.0 0.004159322986689
1.0 0.8274509803921568 0.0 0.004705729035517
1.0 0.8235294117647058 0.0 0.005831970135697
1.0 0.8235294117647058 0.0 0.006129662671688
1.0 0.8235294117647058 0.0 0.007023901710067
1.0 0.8196078431372549 0.0 0.008284579172443
1.0 0.8196078431372549 0.0 0.008306043482162
1.0 0.8156862745098039 0.0 0.009616066181303
1.0 0.8156862745098039 0.0 0.010703378365093
1.0 0.8117647058823529 0.0 0.011021848328785
1.0 0.8117647058823529 0.0 0.012504369364715
1.0 0.807843137254902 0.0 0.013336848081532
1.0 0.807843137254902 0.0 0.014066440302433
1.0 0.803921568627451 0.0 0.015710880006833
1.0 0.803921568627451 0.0 0.016221806236085
1.0 0.8 0.0 0.017440514036346
1.0 0.8 0.0 0.019258662705848
1.0 0.8 0.0 0.019373672265152
1.0 0.796078431372549 0.0 0.021167685496076
1.0 0.792156862745098 0.0 0.022807811560055
1.0 0.792156862745098 0.0 0.023170375935747
1.0 0.788235294117647 0.0 0.025269499300239
1.0 0.788235294117647 0.0 0.026539402124494
1.0 0.788235294117647 0.0 0.027467787401226
1.0 0.7843137254901961 0.0 0.029767923641909
1.0 0.7843137254901961 0.0 0.030583287506632
1.0 0.7803921568627451 0.0 0.032173196585728
1.0 0.7764705882352941 0.0 0.034685568758183
1.0 0.7764705882352941 0.0 0.034953816173816
1.0 0.7764705882352941 0.0 0.037307526459821
1.0 0.7725490196078432 0.0 0.039664667977091
1.0 0.7725490196078432 0.0 0.040041471649622
1.0 0.7686274509803922 0.0 0.042889706147141
1.0 0.7686274509803922 0.0 0.044728668848835
1.0 0.7647058823529411 0.0 0.045855233784155
1.0 0.7647058823529411 0.0 0.048938529318863
1.0 0.7607843137254902 0.0 0.05015759536089
1.0 0.7607843137254902 0.0 0.052143184720698
1.0 0.7568627450980392 0.0 0.055470172880669
1.0 0.7568627450980392 0.0 0.055961971220806
1.0 0.7529411764705882 0.0 0.05892112381467
1.0 0.7529411764705882 0.0 0.062150858186015
1.0 0.7529411764705882 0.0 0.062498466988266
1.0 0.7490196078431373 0.0 0.066201551050116
1.0 0.7450980392156863 0.0 0.068731644222967
1.0 0.7450980392156863 0.0 0.070033438281063
1.0 0.7411764705882353 0.0 0.073994012394693
1.0 0.7411764705882353 0.0 0.075709832027853
1.0 0.7372549019607844 0.0 0.078083912596286
1.0 0.7372549019607844 0.0 0.082303543550584
1.0 0.7372549019607844 0.0 0.083088831258448
1.0 0.7333333333333333 0.0 0.086653063779348
1.0 0.7294117647058823 0.0 0.09086975800424
1.0 0.7294117647058823 0.0 0.091133593335847
1.0 0.7254901960784313 0.0 0.095742362254629
1.0 0.7254901960784313 0.0 0.099051245146315
1.0 0.7254901960784313 0.0 0.100481197416753
1.0 0.7215686274509804 0.0 0.105347948408707
1.0 0.7176470588235294 0.0 0.107629267329514
1.0 0.7176470588235294 0.0 0.110342736200201
1.0 0.7137254901960784 0.0 0.115461351074411
1.0 0.7137254901960784 0.0 0.1165969842867
1.0 0.7137254901960784 0.0 0.120704684633332
1.0 0.7098039215686275 0.0 0.125944606216448
1.0 0.7098039215686275 0.0 0.126067760602975
1.0 0.7058823529411765 0.0 0.131550965534958
1.0 0.7019607843137254 0.0 0.135659284818142
1.0 0.7019607843137254 0.0 0.137150053677203
1.0 0.6980392156862745 0.0 0.14286341771803
1.0 0.6980392156862745 0.0 0.145725033429249
1.0 0.6980392156862745 0.0 0.148684504279236
1.0 0.6941176470588235 0.0 0.154612614855589
1.0 0.6941176470588235 0.0 0.156122679485394
1.0 0.6901960784313725 0.0 0.160640411200257
1.0 0.6862745098039216 0.0 0.166766632510047
1.0 0.6862745098039216 0.0 0.166829852232397
1.0 0.6823529411764706 0.0 0.172984852234791
1.0 0.6823529411764706 0.0 0.177821008259457
1.0 0.6823529411764706 0.0 0.179291621541653
1.0 0.6784313725490196 0.0 0.185678089571419
1.0 0.6745098039215687 0.0 0.189067496994682
1.0 0.6745098039215687 0.0 0.192141893502511
1.0 0.6705882352941176 0.0 0.198675243387084
1.0 0.6705882352941176 0.0 0.200537667809736
1.0 0.6705882352941176 0.0 0.205271747409246
1.0 0.6666666666666666 0.0 0.211924739752897
1.0 0.6666666666666666 0.0 0.212197019823813
1.0 0.6627450980392157 0.0 0.218627285220237
1.0 0.6588235294117647 0.0 0.224008394884144
1.0 0.6588235294117647 0.0 0.225372184857971
1.0 0.6549019607843137 0.0 0.232153833216915
1.0 0.6549019607843137 0.0 0.235932213538357
1.0 0.6549019607843137 0.0 0.238962762798161
1.0 0.6509803921568628 0.0 0.245791116999744
1.0 0.6509803921568628 0.0 0.247926753113227
1.0 0.6470588235294118 0.0 0.252630847458687
1.0 0.6431372549019608 0.0 0.25947374741378
1.0 0.6431372549019608 0.0 0.259948466285669
1.0 0.6392156862745098 0.0 0.266313301522985
1.0 0.6392156862745098 0.0 0.27195233778816
1.0 0.6392156862745098 0.0 0.273139209517629
1.0 0.6352941176470588 0.0 0.279942913853004
1.0 0.6313725490196078 0.0 0.283892276146153
1.0 0.6313725490196078 0.0 0.286715792617633
1.0 0.6274509803921569 0.0 0.293449186291778
1.0 0.6274509803921569 0.0 0.295721536614129
1.0 0.6235294117647059 0.0 0.300134425301499
1.0 0.6235294117647059 0.0 0.306764624968221
1.0 0.6235294117647059 0.0 0.307393170775555
1.0 0.6196078431372549 0.0 0.313327628840397
1.0 0.615686274509804 0.0 0.318860497615209
1.0 0.615686274509804 0.0 0.319818419030458
1.0 0.611764705882353 0.0 0.326226802716862
1.0 0.611764705882353 0.0 0.330077590276126
1.0 0.6078431372549019 0.0 0.332544481238882
1.0 0.6078431372549019 0.0 0.338764983912619
1.0 0.6039215686274509 0.0 0.340999772192076
1.0 0.6039215686274509 0.0 0.344877042076683
1.0 0.6 0.0 0.350876223170126
1.0 0.6 0.0 0.351584115854177
1.0 0.596078431372549 0.0 0.356753415991494
1.0 0.592156862745098 0.0 0.36178993713951
1.0 0.592156862745098 0.0 0.362501446825955
1.0 0.5882352941176471 0.0 0.368113451522782
1.0 0.5882352941176471 0.0 0.371579277911498
1.0 0.5882352941176471 0.0 0.373584357017288
1.0 0.5843137254901961 0.0 0.378905075324561
1.0 0.5843137254901961 0.0 0.380917369506331
1.0 0.5803921568627451 0.0 0.384072686535085
1.0 0.5764705882352941 0.0 0.389080392997435
1.0 0.5764705882352941 0.0 0.389773069755864
1.0 0.5725490196078431 0.0 0.393923280421098
1.0 0.5725490196078431 0.0 0.398119266375851
1.0 0.5725490196078431 0.0 0.398596895072259
1.0 0.5686274509803921 0.0 0.403098446323791
1.0 0.5647058823529412 0.0 0.405933239884269
1.0 0.5647058823529412 0.0 0.407422046452344
1.0 0.5607843137254902 0.0 0.411567050146064
1.0 0.5607843137254902 0.0 0.413196979736157
1.0 0.5568627450980392 0.0 0.415529846578373
1.0 0.5529411764705883 0.0 0.419308543088046
1.0 0.5529411764705883 0.0 0.419897448120551
1.0 0.5529411764705883 0.0 0.422901806912014
1.0 0.5490196078431373 0.0 0.426026786953922
1.0 0.5490196078431373 0.0 0.42630974827634
1.0 0.5450980392156862 0.0 0.429530336280583
1.0 0.5411764705882353 0.0 0.431582465169278
1.0 0.5411764705882353 0.0 0.432565662585353
1.0 0.5372549019607843 0.0 0.435415779975219
1.0 0.5372549019607843 0.0 0.436567365641579
1.0 0.5333333333333333 0.0 0.438082203379332
1.0 0.5333333333333333 0.0 0.440567665643821
1.0 0.5294117647058824 0.0 0.440989814220438
1.0 0.5294117647058824 0.0 0.442873498297484
1.0 0.5254901960784314 0.0 0.444863557458623
1.0 0.5254901960784314 0.0 0.445004164849963
1.0 0.5215686274509804 0.0 0.446962317172879
1.0 0.5215686274509804 0.0 0.448207700465309
1.0 0.5176470588235295 0.0 0.44875335208384
1.0 0.5137254901960784 0.0 0.450382039528444
1.0 0.5137254901960784 0.0 0.451046620873744
1.0 0.5137254901960784 0.0 0.451852956261129
1.0 0.5098039215686274 0.0 0.453172548422196
1.0 0.5098039215686274 0.0 0.453409877038851
1.0 0.5058823529411764 0.0 0.454347636600864
1.0 0.5019607843137255 0.0 0.455332124756479
1.0 0.5019607843137255 0.0 0.45538490944611
1.0 0.4980392156862745 0.0 0.456291958335169
1.0 0.4980392156862745 0.0 0.456853042560404
1.0 0.49411764705882355 0.0 0.457076895098207
1.0 0.49019607843137253 0.0 0.457748346415548
1.0 0.49019607843137253 0.0 0.458017237089869
1.0 0.49019607843137253 0.0 0.45831557552323
1.0 0.48627450980392156 0.0 0.45878788460232
1.0 0.48627450980392156 0.0 0.458874056548178
1.0 0.4823529411764706 0.0 0.459175578190609
1.0 0.47843137254901963 0.0 0.459477188246563
1.0 0.47843137254901963 0.0 0.459488967704981
1.0 0.4745098039215686 0.0 0.45973883053928
1.0 0.4745098039215686 0.0 0.459883871818003
1.0 0.47058823529411764 0.0 0.459936228661788
1.0 0.4666666666666667 0.0 0.460092196329641
1.0 0.4666666666666667 0.0 0.460153548555834
1.0 0.4666666666666667 0.0 0.460217943382816
1.0 0.4627450980392157 0.0 0.460324368802769
1.0 0.4627450980392157 0.0 0.460345818620298
1.0 0.4588235294117647 0.0 0.460422050210115
1.0 0.4549019607843137 0.0 0.460517711725712
1.0 0.4549019607843137 0.0 0.460520997637726
1.0 0.45098039215686275 0.0 0.460630450441129
1.0 0.4470588235294118 0.0 0.460720488535975
1.0 0.4470588235294118 0.0 0.460758720137016
1.0 0.44313725490196076 0.0 0.460912876459087
1.0 0.44313725490196076 0.0 0.460996436989618
1.0 0.4392156862745098 0.0 0.461098871206416
1.0 0.4392156862745098 0.0 0.461321184692314
1.0 0.43529411764705883 0.0 0.461376330473478
1.0 0.43529411764705883 0.0 0.461582966814659
1.0 0.43137254901960786 0.0 0.461878275866339
1.0 0.43137254901960786 0.0 0.461886144365033
1.0 0.42745098039215684 0.0 0.462231222563067
1.0 0.4235294117647059 0.0 0.462508521670873
1.0 0.4235294117647059 0.0 0.462618090557638
1.0 0.4196078431372549 0.0 0.463045678180305
1.0 0.4196078431372549 0.0 0.46326440526164
1.0 0.41568627450980394 0.0 0.463512636857859
1.0 0.4117647058823529 0.0 0.46401760098685
1.0 0.4117647058823529 0.0 0.46413906929449
1.0 0.40784313725490196 0.0 0.464559534740835
1.0 0.40784313725490196 0.0 0.465127028551962
1.0 0.40784313725490196 0.0 0.46513820907586
1.0 0.403921568627451 0.0 0.465753835970163
1.0 0.4 0.0 0.466229311873692
1.0 0.4 0.0 0.466408358028239
1.0 0.396078431372549 0.0 0.467104410521365
1.0 0.39215686274509803 0.0 0.467456890661985
1.0 0.39215686274509803 0.0 0.467846156807644
1.0 0.38823529411764707 0.0 0.46863820368417
1.0 0.38823529411764707 0.0 0.468831477626221
1.0 0.3843137254901961 0.0 0.469486574630901
1.0 0.3803921568627451 0.0 0.470383440369926
1.0 0.3803921568627451 0.0 0.470397889214547
1.0 0.3764705882352941 0.0 0.471378494823989
1.0 0.3764705882352941 0.0 0.472147318115728
1.0 0.37254901960784315 0.0 0.47243477589926
1.0 0.37254901960784315 0.0 0.473572568359865
1.0 0.3686274509803922 0.0 0.474156018257111
1.0 0.3686274509803922 0.0 0.47479681411389
1.0 0.36470588235294116 0.0 0.47611163323481
1.0 0.3607843137254902 0.0 0.476435024330184
1.0 0.3607843137254902 0.0 0.47751906091224
1.0 0.3568627450980392 0.0 0.478997815025375
1.0 0.3568627450980392 0.0 0.479019884385015
1.0 0.35294117647058826 0.0 0.48061325969413
1.0 0.34901960784313724 0.0 0.481843256837857
1.0 0.34901960784313724 0.0 0.482296715740868
1.0 0.34509803921568627 0.0 0.48406622495257
1.0 0.34509803921568627 0.0 0.484955163391173
1.0 0.3411764705882353 0.0 0.485916831771679
1.0 0.33725490196078434 0.0 0.487840815149265
1.0 0.33725490196078434 0.0 0.488303700962169
1.0 0.3333333333333333 0.0 0.489831381952493
1.0 0.32941176470588235 0.0 0.491847997802511
1.0 0.32941176470588235 0.0 0.491879313991699
1.0 0.3254901960784314 0.0 0.493975195125637
1.0 0.3254901960784314 0.0 0.495539230688664
1.0 0.3215686274509804 0.0 0.496109659113055
1.0 0.3176470588235294 0.0 0.498271256253061
1.0 0.3176470588235294 0.0 0.499323577400086
1.0 0.3137254901960784 0.0 0.500450596003955
1.0 0.3137254901960784 0.0 0.502636434095926
1.0 0.30980392156862746 0.0 0.503144650196769
1.0 0.30980392156862746 0.0 0.504818064573732
1.0 0.3058823529411765 0.0 0.506945267722486
1.0 0.3058823529411765 0.0 0.506984815874006
1.0 0.30196078431372547 0.0 0.509126094479355
1.0 0.2980392156862745 0.0 0.510668612010762
1.0 0.2980392156862745 0.0 0.511231980487581
1.0 0.29411764705882354 0.0 0.513291015848191
1.0 0.2901960784313726 0.0 0.514258923604868
1.0 0.2901960784313726 0.0 0.515294126370394
1.0 0.28627450980392155 0.0 0.517230760087564
1.0 0.28627450980392155 0.0 0.517661915942177
1.0 0.2823529411764706 0.0 0.519091118474524
1.0 0.2784313725490196 0.0 0.520825064752926
1.0 0.2784313725490196 0.0 0.520866077593978
1.0 0.27450980392156865 0.0 0.522545332900602
1.0 0.27058823529411763 0.0 0.523697878397612
1.0 0.27058823529411763 0.0 0.524120670458281
1.0 0.26666666666666666 0.0 0.525582788933349
1.0 0.2627450980392157 0.0 0.526232203848099
1.0 0.2627450980392157 0.0 0.526923142915778
1.0 0.25882352941176473 0.0 0.528133504310287
1.0 0.25882352941176473 0.0 0.528382583330608
1.0 0.2549019607843137 0.0 0.529205991705332
1.0 0.25098039215686274 0.0 0.530106652292597
1.0 0.25098039215686274 0.0 0.53013331912763
1.0 0.24705882352941178 0.0 0.530908061396595
1.0 0.24313725490196078 0.0 0.531365558340802
1.0 0.24313725490196078 0.0 0.531523376491609
1.0 0.23921568627450981 0.0 0.531973342206336
1.0 0.23529411764705882 0.0 0.532124378805771
1.0 0.23529411764705882 0.0 0.532252042290585
1.0 0.23137254901960785 0.0 0.53235403891266
1.0 0.22745098039215686 0.0 0.532352517361792
1.0 0.22745098039215686 0.0 0.532274655164076
1.0 0.2235294117647059 0.0 0.532024064585797
1.0 0.2235294117647059 0.0 0.532009554057741
1.0 0.2196078431372549 0.0 0.531555038235991
1.0 0.21568627450980393 0.0 0.53111811172825
1.0 0.21176470588235294 0.0 0.530907979349536
1.0 0.20784313725490197 0.0 0.530065827936609
1.0 0.20784313725490197 0.0 0.529619010575396
1.0 0.20392156862745098 0.0 0.529026624404026
1.0 0.2 0.0 0.527788651677372
1.0 0.2 0.0 0.527516574995516
1.0 0.19607843137254902 0.0 0.526351813473065
1.0 0.19215686274509805 0.0 0.524806221740179
1.0 0.19215686274509805 0.0 0.524715197940545
1.0 0.18823529411764706 0.0 0.522879629740121
1.0 0.1843137254901961 0.0 0.521489049533895
1.0 0.1843137254901961 0.0 0.520846187270442
1.0 0.1803921568627451 0.0 0.518615943589757
1.0 0.17647058823529413 0.0 0.517571856617681
1.0 0.17647058823529413 0.0 0.516192382719253
1.0 0.17254901960784313 0.0 0.513577116450989
1.0 0.16862745098039217 0.0 0.513067097839866
1.0 0.16470588235294117 0.0 0.51077502730933
1.0 0.1607843137254902 0.0 0.507992783184959
1.0 0.1607843137254902 0.0 0.507788700515526
1.0 0.1568627450980392 0.0 0.504622640009493
1.0 0.15294117647058825 0.0 0.502372320335384
1.0 0.15294117647058825 0.0 0.501283738424234
1.0 0.14901960784313725 0.0 0.497776926440427
1.0 0.1450980392156863 0.0 0.49623430448718
1.0 0.1450980392156863 0.0 0.494107476477488
1.0 0.1411764705882353 0.0 0.490283084588508
1.0 0.13725490196078433 0.0 0.489612259193271
1.0 0.13333333333333333 0.0 0.486311025421984
1.0 0.12941176470588237 0.0 0.482544332486062
1.0 0.12941176470588237 0.0 0.482199033706281
1.0 0.12549019607843137 0.0 0.477955288083516
1.0 0.12156862745098039 0.0 0.475072952932328
1.0 0.12156862745098039 0.0 0.473588385543244
1.0 0.11764705882352941 0.0 0.469106109396428
1.0 0.11372549019607843 0.0 0.467244450595418
1.0 0.10980392156862745 0.0 0.464518969234289
1.0 0.10588235294117647 0.0 0.459836675455014
1.0 0.10588235294117647 0.0 0.459108648121169
1.0 0.10196078431372549 0.0 0.455069243937881
1.0 0.09803921568627451 0.0 0.450718427324044
1.0 0.09803921568627451 0.0 0.450226984254138
1.0 0.09019607843137255 0.0 0.445319141280575
1.0 0.08627450980392157 0.0 0.442129276730102
1.0 0.08627450980392157 0.0 0.440359120794281
1.0 0.08235294117647059 0.0 0.435355280483189
1.0 0.0784313725490196 0.0 0.433398825534992
1.0 0.07450980392156863 0.0 0.430320095965823
1.0 0.07058823529411765 0.0 0.425264876004165
1.0 0.07058823529411765 0.0 0.424586369361998
1.0 0.06666666666666667 0.0 0.420201037440989
1.0 0.058823529411764705 0.0 0.415752393061159
1.0 0.058823529411764705 0.0 0.415140077996887
1.0 0.054901960784313725 0.0 0.410092207610845
1.0 0.050980392156862744 0.0 0.406958095581142
1.0 0.047058823529411764 0.0 0.405070355077579
1.0 0.043137254901960784 0.0 0.400086096488291
1.0 0.0392156862745098 0.0 0.39826492167689
1.0 0.03529411764705882 0.0 0.395150974474009
1.0 0.027450980392156862 0.0 0.390276468722586
1.0 0.027450980392156862 0.0 0.389734104895065
1.0 0.023529411764705882 0.0 0.385473977732627
1.0 0.01568627450980392 0.0 0.381426225913305
1.0 0.01568627450980392 0.0 0.380753537075022
1.0 0.00392156862745098 0.0 0.376127582831876
1.0 0.0 0.0 0.373400789906201
0.996078431372549 0.0 0.0 0.371608293419988
0.996078431372549 0.0 0.0 0.367204059434298
0.996078431372549 0.0 0.0 0.365715826178951
0.996078431372549 0.0 0.0 0.362925573012947
0.9921568627450981 0.0 0.0 0.358785467620316
0.9921568627450981 0.0 0.0 0.358427512856867
0.9921568627450981 0.0 0.0 0.354791658411699
0.9921568627450981 0.0 0.0 0.351589828953821
0.9921568627450981 0.0 0.0 0.350956110332747
0.9921568627450981 0.0 0.0 0.347286334639631
0.9882352941176471 0.0 0.0 0.345254235673169
0.9882352941176471 0.0 0.0 0.343792623571643
0.9882352941176471 0.0 0.0 0.340483903509198
0.9882352941176471 0.0 0.0 0.339469388328429
0.9882352941176471 0.0 0.0 0.337367961221152
0.984313725490196 0.0 0.0 0.33445469087887
0.984313725490196 0.0 0.0 0.334280879815465
0.984313725490196 0.0 0.0 0.331750419902965
0.984313725490196 0.0 0.0 0.329731016129585
0.984313725490196 0.0 0.0 0.329263451115288
0.9803921568627451 0.0 0.0 0.32700089773631
0.9803921568627451 0.0 0.0 0.325858624006172
0.9803921568627451 0.0 0.0 0.324969479438451
0.9803921568627451 0.0 0.0 0.323175508199969
0.9803921568627451 0.0 0.0 0.32269889037724
0.9764705882352941 0.0 0.0 0.321624885210889
0.9764705882352941 0.0 0.0 0.320322780853457
0.9764705882352941 0.0 0.0 0.320283232983482
0.9764705882352941 0.0 0.0 0.319274704860174
0.9764705882352941 0.0 0.0 0.318639201165264
0.9725490196078431 0.0 0.0 0.31848529447839
0.9725490196078431 0.0 0.0 0.317958755542435
0.9725490196078431 0.0 0.0 0.317790405579808
0.9725490196078431 0.0 0.0 0.317698862501953
0.9686274509803922 0.0 0.0 0.317708994236604
0.9686274509803922 0.0 0.0 0.317756475356994
0.9686274509803922 0.0 0.0 0.317992052397054
0.9686274509803922 0.0 0.0 0.318550661484447
0.9686274509803922 0.0 0.0 0.318553041014181
0.9686274509803922 0.0 0.0 0.319386824780459
0.9647058823529412 0.0 0.0 0.320191741301177
0.9647058823529412 0.0 0.0 0.320502153867591
0.9647058823529412 0.0 0.0 0.321897832612504
0.9647058823529412 0.0 0.0 0.322680252039436
0.9647058823529412 0.0 0.0 0.323575103365176
0.9607843137254902 0.0 0.0 0.325533414941258
0.9607843137254902 0.0 0.0 0.326022334953404
0.9607843137254902 0.0 0.0 0.327773731483703
0.9607843137254902 0.0 0.0 0.330217904464586
0.9607843137254902 0.0 0.0 0.330295083612669
0.9568627450980393 0.0 0.0 0.333096581100741
0.9568627450980393 0.0 0.0 0.335263110427808
0.9568627450980393 0.0 0.0 0.336176931385785
0.9568627450980393 0.0 0.0 0.339534453553019
0.9568627450980393 0.0 0.0 0.341150434831108
0.9529411764705882 0.0 0.0 0.343168083143019
0.9529411764705882 0.0 0.0 0.34707451577782
0.9529411764705882 0.0 0.0 0.347868800552253
0.9529411764705882 0.0 0.0 0.351250938274628
0.9490196078431372 0.0 0.0 0.355403690362043
0.9490196078431372 0.0 0.0 0.355694170304917
0.9490196078431372 0.0 0.0 0.360400677261232
0.9490196078431372 0.0 0.0 0.363737274483448
0.9490196078431372 0.0 0.0 0.365366585439411
0.9450980392156862 0.0 0.0 0.370589097890233
0.9450980392156862 0.0 0.0 0.372848545151775
0.9450980392156862 0.0 0.0 0.376060899570198
0.9450980392156862 0.0 0.0 0.381780031838686
0.9450980392156862 0.0 0.0 0.38271345677047
0.9450980392156862 0.0 0.0 0.387739900763915
0.9411764705882353 0.0 0.0 0.393305070415352
0.9411764705882353 0.0 0.0 0.393935031282667
0.9411764705882353 0.0 0.0 0.400361392034993
0.9411764705882353 0.0 0.0 0.404593701603363
0.9411764705882353 0.0 0.0 0.407009523654263
0.9372549019607843 0.0 0.0 0.413876630690997
0.9372549019607843 0.0 0.0 0.416547070405869
0.9372549019607843 0.0 0.0 0.420952484683245
0.9372549019607843 0.0 0.0 0.428234000884855
0.9372549019607843 0.0 0.0 0.429130453148251
0.9333333333333333 0.0 0.0 0.43571224675008
0.9333333333333333 0.0 0.0 0.442306835092986
0.9333333333333333 0.0 0.0 0.443381957961153
0.9333333333333333 0.0 0.0 0.451231516112974
0.9294117647058824 0.0 0.0 0.456037063650257
0.9294117647058824 0.0 0.0 0.459257328986167
0.9294117647058824 0.0 0.0 0.467449359311318
0.9294117647058824 0.0 0.0 0.470280001795525
0.9294117647058824 0.0 0.0 0.475797211677631
0.9254901960784314 0.0 0.0 0.484296956303389
0.9254901960784314 0.0 0.0 0.484992681495352
0.9254901960784314 0.0 0.0 0.492940185609425
0.9254901960784314 0.0 0.0 0.500130457049551
0.9254901960784314 0.0 0.0 0.501713612297315
0.9215686274509803 0.0 0.0 0.510613029955408
0.9215686274509803 0.0 0.0 0.515647158347897
0.9215686274509803 0.0 0.0 0.519624713476826
0.9215686274509803 0.0 0.0 0.52874429637572
0.9215686274509803 0.0 0.0 0.531495244112841
0.9215686274509803 0.0 0.0 0.537960125360982
0.9176470588235294 0.0 0.0 0.547262803417241
0.9176470588235294 0.0 0.0 0.547625955254724
0.9176470588235294 0.0 0.0 0.556645320721282
0.9176470588235294 0.0 0.0 0.563989468503913
0.9176470588235294 0.0 0.0 0.566093094184806
0.9137254901960784 0.0 0.0 0.57560143640547
0.9137254901960784 0.0 0.0 0.580535050504302
0.9137254901960784 0.0 0.0 0.585158057743183
0.9137254901960784 0.0 0.0 0.594753106966668
0.9137254901960784 0.0 0.0 0.597211212556379
0.9098039215686274 0.0 0.0 0.604376672040373
0.9098039215686274 0.0 0.0 0.613965866185901
0.9098039215686274 0.0 0.0 0.614018777353297
0.9098039215686274 0.0 0.0 0.623671981526192
0.9058823529411765 0.0 0.0 0.630746479687685
0.9058823529411765 0.0 0.0 0.633321117617613
0.9058823529411765 0.0 0.0 0.642961243378689
0.9058823529411765 0.0 0.0 0.647500235754558
0.9058823529411765 0.0 0.0 0.652579715952357
0.9019607843137255 0.0 0.0 0.66216645414597
0.9019607843137255 0.0 0.0 0.664174190250477
0.9019607843137255 0.0 0.0 0.671711381587478
0.9019607843137255 0.0 0.0 0.680715432126652
0.9019607843137255 0.0 0.0 0.681206961621281
0.8980392156862745 0.0 0.0 0.690638132165911
0.8980392156862745 0.0 0.0 0.697071244411029
0.8980392156862745 0.0 0.0 0.699999902222031
0.8980392156862745 0.0 0.0 0.709279821131944
0.8980392156862745 0.0 0.0 0.713189266127871
0.8941176470588236 0.0 0.0 0.718468006484414
0.8941176470588236 0.0 0.0 0.727554650146581
0.8941176470588236 0.0 0.0 0.729017654926187
0.8941176470588236 0.0 0.0 0.736532375311338
0.8901960784313725 0.0 0.0 0.744505250116193
0.8901960784313725 0.0 0.0 0.745386787164193
0.8901960784313725 0.0 0.0 0.754113033093239
0.8901960784313725 0.0 0.0 0.759601735733191
0.8901960784313725 0.0 0.0 0.762699319033778
0.8862745098039215 0.0 0.0 0.771136324069425
0.8862745098039215 0.0 0.0 0.774257803170307
0.8862745098039215 0.0 0.0 0.779414874047482
0.8862745098039215 0.0 0.0 0.787525922405524
0.8862745098039215 0.0 0.0 0.788425312846902
0.8862745098039215 0.0 0.0 0.795462666613548
0.8823529411764706 0.0 0.0 0.802057454309856
0.8823529411764706 0.0 0.0 0.803212172480273
0.8823529411764706 0.0 0.0 0.810769984217139
0.8823529411764706 0.0 0.0 0.815108904101757
0.8823529411764706 0.0 0.0 0.818125652624203
0.8784313725490196 0.0 0.0 0.825270987736653
0.8784313725490196 0.0 0.0 0.82753598067434
0.8784313725490196 0.0 0.0 0.832199808618031
0.8784313725490196 0.0 0.0 0.838900669251985
0.8784313725490196 0.0 0.0 0.839296795578563
0.8745098039215686 0.0 0.0 0.845369558106708
0.8745098039215686 0.0 0.0 0.85035140012548
0.8745098039215686 0.0 0.0 0.8515957202781
0.8745098039215686 0.0 0.0 0.857575358099388
0.8705882352941177 0.0 0.0 0.86066192668481
0.8705882352941177 0.0 0.0 0.863299939141764
0.8705882352941177 0.0 0.0 0.868764279047377
0.8705882352941177 0.0 0.0 0.87019272377196
0.8705882352941177 0.0 0.0 0.873959142882361
0.8666666666666667 0.0 0.0 0.878879947208143
0.8666666666666667 0.0 0.0 0.878910484068964
0.8666666666666667 0.0 0.0 0.883522092448926
0.8666666666666667 0.0 0.0 0.886784364530999
0.8666666666666667 0.0 0.0 0.887878729363205
0.8627450980392157 0.0 0.0 0.89194463262338
0.8627450980392157 0.0 0.0 0.893786097747352
0.8627450980392157 0.0 0.0 0.895714880641166
0.8627450980392157 0.0 0.0 0.899185727042102
0.8627450980392157 0.0 0.0 0.899890093754216
0.8588235294117647 0.0 0.0 0.902351017688395
0.8588235294117647 0.0 0.0 0.905073531535655
0.8588235294117647 0.0 0.0 0.905208426372696
0.8588235294117647 0.0 0.0 0.907752753879262
0.8549019607843137 0.0 0.0 0.909316439498386
0.8549019607843137 0.0 0.0 0.909981981090794
0.8549019607843137 0.0 0.0 0.911892818646964
0.8549019607843137 0.0 0.0 0.912601764264855
0.8549019607843137 0.0 0.0 0.913481540459883
0.8509803921568627 0.0 0.0 0.914746317206248
0.8509803921568627 0.0 0.0 0.914915427196743
0.8509803921568627 0.0 0.0 0.915685308252127
0.8509803921568627 0.0 0.0 0.916246368136599
0.8509803921568627 0.0 0.0 0.916296424428501
0.8470588235294118 0.0 0.0 0.916578262187254
0.8470588235294118 0.0 0.0 0.916586575938005
0.8470588235294118 0.0 0.0 0.916529879677007
0.8470588235294118 0.0 0.0 0.916150488270971
0.8470588235294118 0.0 0.0 0.915931105443286
0.8431372549019608 0.0 0.0 0.915439761298164
0.8431372549019608 0.0 0.0 0.914397360601348
0.8431372549019608 0.0 0.0 0.914278080661371
0.8431372549019608 0.0 0.0 0.91302415487098
0.8431372549019608 0.0 0.0 0.911628683995855
0.8392156862745098 0.0 0.0 0.911320069698944
0.8392156862745098 0.0 0.0 0.909286412230147
0.8392156862745098 0.0 0.0 0.907987131473369
0.8392156862745098 0.0 0.0 0.906924497288192
0.8352941176470589 0.0 0.0 0.904235215370893
0.8352941176470589 0.0 0.0 0.903360634024069
0.8352941176470589 0.0 0.0 0.901221957580042
0.8352941176470589 0.0 0.0 0.897885415221924
0.8352941176470589 0.0 0.0 0.897759344968003
0.8313725490196079 0.0 0.0 0.894228946579622
0.8313725490196079 0.0 0.0 0.891196293962451
0.8313725490196079 0.0 0.0 0.890256556407231
0.8313725490196079 0.0 0.0 0.885968184541177
0.8313725490196079 0.0 0.0 0.883687307764726
0.8313725490196079 0.0 0.0 0.881370621774259
0.8274509803921568 0.0 0.0 0.876466581257207
0.8274509803921568 0.0 0.0 0.875250918261458
0.8274509803921568 0.0 0.0 0.871258736312167
0.8274509803921568 0.0 0.0 0.865908258307956
0.8274509803921568 0.0 0.0 0.865754207303407
0.8235294117647058 0.0 0.0 0.85995472126452
0.8235294117647058 0.0 0.0 0.855682946009052
0.8235294117647058 0.0 0.0 0.853866591382853
0.8235294117647058 0.0 0.0 0.847493253758691
0.8196078431372549 0.0 0.0 0.844600958154736
0.8196078431372549 0.0 0.0 0.840843470829096
0.8196078431372549 0.0 0.0 0.833921222068949
0.8196078431372549 0.0 0.0 0.832690493599479
0.8196078431372549 0.0 0.0 0.826730432508235
0.8156862745098039 0.0 0.0 0.819981827442407
0.8156862745098039 0.0 0.0 0.819278963254183
0.8156862745098039 0.0 0.0 0.811573095322902
0.8156862745098039 0.0 0.0 0.806507156925876
0.8156862745098039 0.0 0.0 0.803619304328182
0.8117647058823529 0.0 0.0 0.795424238979546
0.8117647058823529 0.0 0.0 0.79230044002219
0.8117647058823529 0.0 0.0 0.78699247294577
0.8117647058823529 0.0 0.0 0.778335456492771
0.8117647058823529 0.0 0.0 0.777397227721576
0.807843137254902 0.0 0.0 0.769455750953282
0.807843137254902 0.0 0.0 0.761834491068824
0.807843137254902 0.0 0.0 0.760362902830236
0.807843137254902 0.0 0.0 0.751064324590765
0.803921568627451 0.0 0.0 0.745650444021121
0.803921568627451 0.0 0.0 0.741567544714681
0.803921568627451 0.0 0.0 0.731877612249861
0.803921568627451 0.0 0.0 0.728884363215436
0.803921568627451 0.0 0.0 0.722007372965163
0.8 0.0 0.0 0.711959418152344
0.8 0.0 0.0 0.711576405740076
0.8 0.0 0.0 0.701744222143576
0.8 0.0 0.0 0.69376742600235
0.8 0.0 0.0 0.691369719999797
0.796078431372549 0.0 0.0 0.680843892357484
0.796078431372549 0.0 0.0 0.675498792772483
0.796078431372549 0.0 0.0 0.67017476779994
0.796078431372549 0.0 0.0 0.659367508483794
0.796078431372549 0.0 0.0 0.656812207463153
0.792156862745098 0.0 0.0 0.648435886312048
0.792156862745098 0.0 0.0 0.637749524675294
0.792156862745098 0.0 0.0 0.637382175459818
0.792156862745098 0.0 0.0 0.626217305067502
0.788235294117647 0.0 0.0 0.618352576003838
0.788235294117647 0.0 0.0 0.614949292156784
0.788235294117647 0.0 0.0 0.603586135351127
0.788235294117647 0.0 0.0 0.598662998052828
0.788235294117647 0.0 0.0 0.592135789987946
0.7843137254901961 0.0 0.0 0.58060308854777
0.7843137254901961 0.0 0.0 0.578722065558308
0.7843137254901961 0.0 0.0 0.568998887106856
0.7843137254901961 0.0 0.0 0.558570530460211
0.7843137254901961 0.0 0.0 0.557330950687781
0.7803921568627451 0.0 0.0 0.545606960894316
0.7803921568627451 0.0 0.0 0.538248467701639
0.7803921568627451 0.0 0.0 0.533834506613675
0.7803921568627451 0.0 0.0 0.522021075020323
0.7764705882352941 0.0 0.0 0.517795128466575
0.7764705882352941 0.0 0.0 0.510174042893777
0.7764705882352941 0.0 0.0 0.498297525951545
0.7764705882352941 0.0 0.0 0.497248801495631
0.7764705882352941 0.0 0.0 0.486401794610662
0.7725490196078432 0.0 0.0 0.476646683044529
0.7725490196078432 0.0 0.0 0.474493846031277
0.7725490196078432 0.0 0.0 0.462580535427957
0.7725490196078432 0.0 0.0 0.456024755973019
0.7725490196078432 0.0 0.0 0.450668584586312
0.7686274509803922 0.0 0.0 0.438761399209549
0.7686274509803922 0.0 0.0 0.435417678372947
0.7686274509803922 0.0 0.0 0.426871668412084
0.7686274509803922 0.0 0.0 0.414999336493687
0.7686274509803922 0.0 0.0 0.414858682064411
0.7647058823529411 0.0 0.0 0.403153606955009
0.7647058823529411 0.0 0.0 0.394379481208936
0.7647058823529411 0.0 0.0 0.391340364963115
0.7647058823529411 0.0 0.0 0.379565297347671
0.7607843137254902 0.0 0.0 0.374010191209168
0.7607843137254902 0.0 0.0 0.367833918946831
0.7607843137254902 0.0 0.0 0.356148472876056
0.7607843137254902 0.0 0.0 0.353779257986468
0.7607843137254902 0.0 0.0 0.34452024843811
0.7568627450980392 0.0 0.0 0.333713397651314
0.7568627450980392 0.0 0.0 0.332948038135989
0.7568627450980392 0.0 0.0 0.321439645953882
0.7568627450980392 0.0 0.0 0.313837546507911
0.7568627450980392 0.0 0.0 0.309999597178956
0.7529411764705882 0.0 0.0 0.298632211720464
0.7529411764705882 0.0 0.0 0.29417482126342
0.7529411764705882 0.0 0.0 0.287338634802073
0.7529411764705882 0.0 0.0 0.276128728024622
0.7490196078431373 0.0 0.0 0.274746489245348
0.7490196078431373 0.0 0.0 0.265000270228039
0.7490196078431373 0.0 0.0 0.255571948367409
0.7490196078431373 0.0 0.0 0.253959726721199
0.7490196078431373 0.0 0.0 0.243010365638987
0.7450980392156863 0.0 0.0 0.236668716525586
0.7450980392156863 0.0 0.0 0.232155263836049
0.7450980392156863 0.0 0.0 0.221397269419472
0.7450980392156863 0.0 0.0 0.21805243005225
0.7411764705882353 0.0 0.0 0.21073624278629
0.7411764705882353 0.0 0.0 0.200180236493133
0.7411764705882353 0.0 0.0 0.199736850807245
0.7411764705882353 0.0 0.0 0.189725922372077
0.7411764705882353 0.0 0.0 0.181733881441431
0.7372549019607844 0.0 0.0 0.179378131504862
0.7372549019607844 0.0 0.0 0.169138680688957
0.7372549019607844 0.0 0.0 0.164053588329626
0.7372549019607844 0.0 0.0 0.159009198573673
0.7333333333333333 0.0 0.0 0.148988483791456
0.7333333333333333 0.0 0.0 0.146704231637457
0.7333333333333333 0.0 0.0 0.139083046965609
0.7333333333333333 0.0 0.0 0.129692301958998
0.7333333333333333 0.0 0.0 0.12928870023667
0.7294117647058823 0.0 0.0 0.119608913941021
0.7294117647058823 0.0 0.0 0.113022562940429
0.7294117647058823 0.0 0.0 0.110044344242915
0.7294117647058823 0.0 0.0 0.100595462779475
0.7294117647058823 0.0 0.0 0.09669809928831
0.7254901960784313 0.0 0.0 0.09126256019459
0.7254901960784313 0.0 0.0 0.08204333197462
0.7254901960784313 0.0 0.0 0.080720369549804
0.7254901960784313 0.0 0.0 0.072942584278486
0.7215686274509804 0.0 0.0 0.065089263045831
0.7215686274509804 0.0 0.0 0.063955286029597
0.7215686274509804 0.0 0.0 0.055083451771443
0.7215686274509804 0.0 0.0 0.049803160336657
0.7215686274509804 0.0 0.0 0.046326532136903
0.7176470588235294 0.0 0.0 0.037683805285658
0.7176470588235294 0.0 0.0 0.034858996602417
0.7176470588235294 0.0 0.0 0.029154411484739
0.7176470588235294 0.0 0.0 0.020735124488712
0.7176470588235294 0.0 0.0 0.020252327328146
0.7137254901960784 0.0 0.0 0.012427049516555
0.7137254901960784 0.0 0.0 0.005977395694137
0.7137254901960784 0.0 0.0 0.004231031175688
0.7137254901960784 0.0 0.0 -0.003858681846536
