90 0 271 0.0
89 0 271 0.053102737968577
88 0 271 0.12345715626236514
87 0 271 0.17958435334063186
86 0 271 0.22073498146307285
84 0 271 0.2513400112001875
83 0 271 0.2686947576515937
82 0 271 0.2765411705238124
81 0 271 0.27750471884526334
80 0 271 0.27271763703186386
78 0 271 0.264215422591702
77 0 271 0.2528715984040185
76 0 271 0.239083937120996
74 0 271 0.2253459858234353
73 0 271 0.21146073133969842
71 0 271 0.19766802943011358
69 0 271 0.18451800472435056
67 0 271 0.17180226609157742
65 0 271 0.160080764360928
63 0 271 0.1481894103261379
61 0 271 0.13793894916097832
58 0 271 0.12848267485705162
55 0 271 0.11972406542747717
52 0 271 0.11164346635181413
49 0 271 0.10417034501273933
45 0 271 0.09723709252485913
40 0 271 0.0908017465655925
34 0 271 0.08476390412648174
26 0 270 0.07870322763771943
15 0 270 0.07334046638791672
0 0 270 0.06820236327828987
0 0 269 0.04852370122204457
0 12 268 0.03291574730701857
0 29 268 0.027414158783169714
0 40 268 0.0211839637418565
0 48 267 0.0152436947463365
0 55 267 0.009228899464869624
0 63 266 0.0032636213618713336
0 69 266 0.0
0 76 265 0.0
0 83 265 0.0
0 91 264 0.0
0 98 263 0.0
0 105 262 0.0
0 112 261 0.0
0 120 260 0.0
0 126 258 0.0
0 133 257 0.0
0 140 255 0.0
0 147 254 0.0
0 154 252 0.0
0 161 250 0.0
0 168 247 0.0
0 175 245 0.0
0 182 242 0.0
0 190 239 0.0
0 197 236 0.0
0 204 232 0.0
0 211 229 0.0
0 218 225 0.0
0 224 221 0.0
0 230 216 0.0
0 236 212 0.0
0 242 207 0.0
0 248 202 0.0
0 253 196 0.0
0 259 190 0.0
0 264 183 0.0
0 269 177 0.0
0 274 170 0.0
0 279 162 0.0
0 282 155 0.0
0 286 148 0.005006688651884
0 289 140 0.011969811365385713
0 292 133 0.02032239579992314
0 294 125 0.030068125347769713
0 296 116 0.041406944633452
0 298 107 0.054235201966917286
0 300 97 0.06865371947353628
0 301 86 0.08441725179754943
0 302 75 0.10146463116691642
0 303 62 0.11940347953054986
0 304 47 0.13797253412651914
0 304 26 0.15667108036029442
0 304 0 0.17505026437954357
0 303 0 0.22204126730948684
0 302 0 0.234154537469728
0 301 0 0.250215245134257
0 299 0 0.253929306737311
0 298 0 0.25471139566465273
0 297 0 0.25313979223944033
0 296 0 0.24957689853472936
0 295 0 0.244989799717408
0 293 0 0.2402218408643836
0 291 0 0.23623029481243266
0 290 0 0.23384673294040337
0 288 0 0.23327832552627517
0 286 0 0.234478369503435
0 285 0 0.23659125679508766
0 283 0 0.23851803920188672
0 281 0 0.23956083592241215
0 279 0 0.23900136675883044
0 278 0 0.2369158766598357
0 276 0 0.23389383781507972
0 274 0 0.23111975397276985
0 272 0 0.22952218111436515
0 271 0 0.22984986638575872
0 269 0 0.23225596700253642
0 267 0 0.2363230706797357
0 265 0 0.24141561142345086
0 263 0 0.24657807245566715
0 261 0 0.25103330967263343
0 259 0 0.253900915970257
0 257 0 0.255061969035263
0 255 0 0.2540573194404495
0 253 0 0.2504794562012165
0 251 0 0.2445748771334815
0 249 0 0.23614583042218676
14 246 0 0.225675901256224
53 244 0 0.21316945584249863
74 242 0 0.19918848356288166
89 240 0 0.18492885730008243
101 237 0 0.16916618708564113
112 235 0 0.15247441871790415
122 233 0 0.13611031121645328
131 230 0 0.120589147470475
139 228 0 0.10539804329649571
146 225 0 0.08897686747826
153 223 0 0.075078024821475
160 220 0 0.062234602546184715
166 218 0 0.05144737331123184
172 215 0 0.04100794524851638
178 212 0 0.0318383030792505
183 210 0 0.0238896293420665
189 207 0 0.017072443517987833
194 204 0 0.01134271440032525
199 201 0 0.006539354683617166
203 198 0 0.002843946544978143
208 195 0 0.0
212 192 0 0.0
216 189 0 0.0
220 186 0 0.0
224 183 0 0.0
228 180 0 0.0
232 177 0 0.0
235 174 0 0.0
239 171 0 0.0
242 168 0 0.0
245 164 0 0.0
248 161 0 0.0
251 158 0 0.0
254 154 0 0.0
257 151 0 0.0
260 148 0 0.0
263 144 0 0.0
265 141 0 0.0
268 137 0 0.0
270 133 0 0.0
273 130 0 0.0
275 126 0 0.0
277 122 0 0.0
279 118 0 0.0005931232408913967
281 114 0 0.004876149188947857
283 111 0 0.010539018996576143
285 107 0 0.01760566586411043
287 102 0 0.026515155352900287
289 98 0 0.03647104126737683
290 94 0 0.04951813278525712
292 89 0 0.0647561804238495
294 85 0 0.08272956836841237
295 80 0 0.10309912612601983
297 75 0 0.124569376738138
298 70 0 0.14939981637785113
299 64 0 0.17691993619206373
301 58 0 0.2056250852722177
302 52 0 0.23573532277264558
303 44 0 0.263909651664485
304 36 0 0.2942517408209965
306 25 0 0.3234759032863223
307 6 0 0.349377927190955
308 0 0 0.3742390949490714
309 0 0 0.3969320844043667
310 0 0 0.4156891030047927
311 0 0 0.43114259212603917
312 0 0 0.4420634839749435
313 0 0 0.4558810944662055
314 0 0 0.45873560429016225
315 0 0 0.460003769881227
316 0 0 0.46114962668179826
317 0 0 0.46249033406641354
318 0 0 0.46728358064668485
319 0 0 0.47632610232731126
320 0 0 0.49131680509606257
321 0 0 0.5103581014324642
322 0 0 0.5305404932257608
323 0 0 0.530382098704968
324 0 0 0.5025816304853147
325 0 0 0.46830393492017575
326 0 0 0.404394675557949
327 0 0 0.34670301042754215
328 0 0 0.318591398652988
329 0 0 0.4986191544369053
330 0 0 0.9133293081596592
